Time (s),x,y,z
4.166810500E-2,-0.30987054,-0.18664017,9.672985
4.649274000E-2,-0.25004998,-0.1268196,10.295717
5.131742800E-2,0.15194423,0.13758731,10.452448
5.614206300E-2,0.34337005,0.19262223,9.468997
6.096675100E-2,0.15732808,0.05503492,9.235099
6.579138600E-2,-0.37507495,-0.21655045,9.90808
7.061607300E-2,-0.24227329,-0.1591227,10.180862
7.544070900E-2,0.16031912,0.11425728,9.44148
8.026539600E-2,0.5605187,0.21774685,9.145967
8.509003200E-2,0.051445685,0.066400826,10.539187
8.991466700E-2,-0.465404,-0.21655045,9.521041
9.473935500E-2,-0.31226337,-0.15493527,10.325029
9.956399000E-2,-0.12203395,-0.031106694,10.515858
1.043886780E-1,0.11306087,0.08135597,10.447661
1.092133130E-1,0.19860429,0.1477568,9.388838
1.140380010E-1,1.1066805,0.3260221,6.2811594
1.188626360E-1,-1.0815558,-0.35533416,11.202598
1.236873230E-1,-0.2883351,-0.18364914,10.80838
1.285119590E-1,-0.4546363,-0.19740787,11.877972
1.333366460E-1,0.3074777,0.22492532,10.57149
1.381478440E-1,1.0175478,0.32063824,5.980262
1.430679480E-1,-0.66101724,-0.20518455,10.974681
1.478105530E-1,-0.24107689,-0.18903299,9.4229355
1.526352400E-1,-0.10707881,-0.032303106,11.080564
1.574599280E-1,0.13938192,0.111864455,9.714262
1.622845630E-1,0.61854464,0.24526432,8.680562
1.671092510E-1,-0.28893334,-0.08315059,10.225129
1.719338860E-1,-0.33918262,-0.21894327,9.658628
1.767585730E-1,-0.15972091,-0.09810573,10.668998
1.815832090E-1,0.14057833,0.12502499,9.369696
1.864078440E-1,0.7531409,0.26261228,8.717651
1.912325320E-1,-0.18843478,-0.016749758,10.560124
1.960571670E-1,-0.45164528,-0.21595225,9.473185
2.008818550E-1,-0.22372891,-0.11545369,10.549356
2.057064900E-1,-0.060418773,-0.02632105,10.491331
2.105311780E-1,0.18364914,0.086141616,10.360922
2.153558130E-1,0.15373886,0.106480606,9.283554
2.201805010E-1,1.0719845,0.31345975,6.151947
2.249916980E-1,-1.1617154,-0.38464624,11.385649
2.298297710E-1,-0.30927232,-0.22552353,10.726426
2.346544590E-1,0.07238288,0.10348958,12.04846
2.394790940E-1,0.10827523,0.028115666,9.613165
2.443037820E-1,0.011964113,0.024526432,9.556933
2.491284170E-1,1.1371889,0.3379862,5.0739803
2.539396670E-1,-1.2035898,-0.37986058,11.927025
2.587777400E-1,-0.12143575,-0.16570297,11.208579
2.636024280E-1,0.36490545,0.24825534,11.47179
2.684270630E-1,-0.23868406,-0.11485548,9.088538
2.732516980E-1,-0.010169496,-0.014955142,10.256236
2.780763860E-1,0.8769695,0.29970104,5.3970113
2.828875840E-1,-0.9726824,-0.29312077,11.523235
2.877257090E-1,0.45224348,0.078963146,11.282757
2.925503440E-1,-0.24885355,-0.012562319,11.182857
2.973750320E-1,-0.24047868,-0.14177474,9.423533
3.021996670E-1,-0.14117654,-0.083748795,10.117453
3.070243030E-1,0.89491564,0.35294133,5.6997037
3.118355530E-1,-0.6203393,-0.18903299,11.209178
3.166736260E-1,0.465404,0.15194423,11.556137
3.214983130E-1,-0.43728834,-0.13878371,10.259227
3.263229480E-1,-0.35712877,-0.19202402,9.783653
3.311476360E-1,-0.12921242,-0.07178468,10.352547
3.359722710E-1,0.61854464,0.28773692,6.7986073
3.407834690E-1,0.24227329,0.060418773,9.5455675
3.456215940E-1,0.10707881,0.09272188,12.617952
3.504462300E-1,-0.76989067,-0.31166515,8.928818
3.552709170E-1,-0.17407785,-0.1268196,10.692926
3.600955530E-1,-0.13519448,-0.046660043,10.214361
3.649202400E-1,0.25124636,0.16570297,8.477771
3.697448760E-1,1.0564312,0.29132617,7.9346
3.745695630E-1,-0.33200413,-0.025124637,11.059028
3.793941980E-1,-0.5449654,-0.22731815,11.140983
3.842188340E-1,-0.6520442,-0.35832518,10.173085
3.890435210E-1,-0.017347964,0.10229317,10.794023
3.938681570E-1,0.8129615,0.3074777,7.027122
3.986928440E-1,0.8530413,0.2865405,8.58784
4.035174800E-1,-0.7070791,-0.19202402,11.5932255
4.083421670E-1,-0.8877372,-0.44147578,9.709476
4.131533650E-1,0.111864455,0.09212367,11.712269
4.179914900E-1,-0.019142581,0.008374879,9.82493
4.228161260E-1,0.27098715,0.16031912,9.008977
4.276273230E-1,1.2783655,0.3487539,6.2033925
4.324654480E-1,-1.0408778,-0.2955136,11.830713
4.372900840E-1,-0.590429,-0.33020952,10.110274
4.421013340E-1,-0.016749758,0.059820566,12.240484
4.469394070E-1,0.13459627,0.06819545,9.819546
4.517640940E-1,0.20219351,0.11964113,8.885149
4.565752920E-1,1.119841,0.31286156,5.725426
4.614134170E-1,-1.0851451,-0.35653058,11.810972
4.662380530E-1,-0.37088752,-0.23509483,10.803595
4.710492510E-1,0.27158538,0.19381863,11.773884
4.758873760E-1,-0.05802595,-0.047856454,9.332008
4.807120110E-1,0.0041874396,0.008973085,10.189237
4.855232610E-1,0.88295156,0.2650051,5.539983
4.903613340E-1,-0.9708878,-0.30867413,11.206785
4.951860210E-1,0.4833502,0.123828575,10.539785
4.999972190E-1,-0.8321041,-0.30089745,12.144173
5.048353440E-1,0.37627137,0.19860429,10.302298
5.096599800E-1,0.5778667,0.098703936,6.806982
5.144846670E-1,-0.46121657,-0.148355,9.823135
5.193093030E-1,0.03708875,-0.034097724,10.222138
5.241339380E-1,0.039481573,0.10289137,10.7024975
5.289586260E-1,0.14895321,0.068793654,9.771689
5.337832610E-1,-0.086141616,-0.06281159,9.906285
5.386079480E-1,0.18484555,0.0077766734,8.251649
5.434325840E-1,-0.45583272,-0.17347965,10.393225
5.482572710E-1,0.1902294,0.09451649,10.475778
5.530819070E-1,0.08255238,0.09750752,10.271192
5.579065940E-1,0.02751746,0.01375873,9.695718
5.627312300E-1,0.11006984,-0.02213361,8.946764
5.675558650E-1,-0.3056831,-0.14297116,9.5868435
5.723805530E-1,-0.05623133,-0.016151553,10.4051895
5.772051880E-1,0.12263216,0.12861422,10.429117
5.820298760E-1,0.11066805,0.08793623,9.796216
5.868410730E-1,0.43669012,0.10707881,7.9968133
5.916791980E-1,-0.6053841,-0.2620141,10.40818
5.965038340E-1,-0.091525465,-0.05742774,10.285548
6.013285210E-1,0.029312078,0.06520442,10.692328
6.061531570E-1,0.15074782,0.08554341,9.967901
6.109777920E-1,5.9820566E-4,0.0077766734,9.853643
6.157890420E-1,0.5521438,0.14416756,7.042077
6.206271150E-1,-0.779462,-0.28235307,10.740185
6.254518030E-1,0.30329028,0.09930214,10.326226
6.302764380E-1,0.023928227,0.07058827,10.649856
6.351011260E-1,0.061615184,0.0029910284,9.766904
6.399257610E-1,-0.27696922,-0.123828575,10.01815
6.447503960E-1,-0.35473597,-0.15553348,9.97508
6.495750840E-1,-0.111864455,-0.06520442,10.615758
6.543997190E-1,0.56829536,0.2955136,7.498508
6.592244070E-1,0.76510507,0.2321038,8.473583
6.640490420E-1,-0.357727,-0.06580263,12.31885
6.688737300E-1,-0.9810573,-0.47198427,9.0544405
6.736849280E-1,0.081954174,0.03589234,11.65484
6.785230530E-1,-0.06580263,-0.016151553,9.945169
6.833476880E-1,0.2105684,0.15433706,9.1681
6.881588860E-1,1.352543,0.36550367,6.399006
6.929970110E-1,-0.9206385,-0.2548356,11.4083805
6.978216460E-1,-0.4019942,-0.22253251,10.995618
7.026328960E-1,-0.5479564,-0.26679972,11.30848
7.074709690E-1,0.16749759,0.20817557,10.472188
7.122956570E-1,1.0671989,0.35234314,6.5694947
7.171202920E-1,-0.4019942,-0.083748795,10.838888
7.219449800E-1,-0.18065812,-0.15493527,9.226724
7.267696150E-1,-0.2632105,-0.11365908,10.865808
7.315943030E-1,0.10109676,0.13100705,9.250652
7.364189380E-1,0.6837491,0.25663024,8.92463
7.412436260E-1,-0.17587246,-0.034695927,10.454242
7.460682610E-1,-0.3493521,-0.1896312,9.562916
7.508928960E-1,-0.2434697,-0.123828575,10.47817
7.557175840E-1,-0.11306087,-0.025722843,10.482358
7.605422190E-1,0.16510476,0.07178468,10.394422
7.653669070E-1,0.09032906,0.07058827,9.656834
7.701915420E-1,0.9762716,0.27158538,6.2147584
7.750027400E-1,-1.0157533,-0.34516466,11.072786
7.798408650E-1,0.11425728,-0.035294134,10.235897
7.846655010E-1,-0.7686943,-0.28295127,12.210574
7.894901880E-1,0.49112684,0.26919255,10.689935
7.943148230E-1,0.4319045,0.09810573,7.4979095
7.991395110E-1,0.5814559,0.23868406,7.0043902
8.039507090E-1,-0.97567344,-0.34277186,10.813764
8.087888340E-1,-0.25184458,-0.18185452,12.005389
8.136134690E-1,0.2943172,0.22372891,11.136795
8.184381050E-1,-0.07836494,-0.09990034,9.302696
8.232627920E-1,0.40259242,0.12801601,8.806186
8.280874280E-1,0.11006984,0.020937199,7.509874
8.329121150E-1,-0.46181476,-0.16689938,10.709676
8.377367510E-1,0.40558344,0.1591227,10.416555
8.425614380E-1,-0.34636107,-0.10109676,11.609976
8.473860730E-1,-0.05623133,-0.0741775,9.541979
8.522107610E-1,-0.35832518,-0.17108682,10.061221
8.570353960E-1,0.53599226,0.25603202,7.25444
8.618600320E-1,-0.08255238,-0.05682954,9.781859
8.666847190E-1,0.3906283,0.1788635,10.785648
8.715093550E-1,-0.3493521,-0.10348958,10.87179
8.763340420E-1,-0.3493521,-0.20877378,9.59163
8.811586780E-1,-0.34396824,-0.12801601,10.502697
8.859833650E-1,-0.015553347,0.066400826,9.648459
8.907945630E-1,0.4534399,0.17228323,8.571689
8.956326880E-1,0.59940207,0.25962126,9.165109
9.004573230E-1,-0.35174492,-0.12981063,10.186844
9.052820110E-1,-0.32362926,-0.18723837,9.77827
9.101066460E-1,-0.22671995,-0.08315059,10.636097
9.149312820E-1,0.02632105,0.015553347,10.47159
9.197559690E-1,0.2015953,0.06819545,10.240683
9.245806050E-1,-0.014955142,0.028115666,9.734601
9.294052920E-1,0.67058855,0.18305093,6.8404818
9.342299280E-1,-0.79920274,-0.2961118,10.697114
9.390546150E-1,0.21655045,0.048454657,10.307083
9.438792510E-1,0.029312078,0.06999006,10.687542
9.487039380E-1,0.1052842,0.020937199,9.814162
9.535285730E-1,-0.21475583,-0.09571291,10.00798
9.583532090E-1,-0.33140594,-0.14536397,9.865009
9.631778960E-1,-0.07477571,-0.02632105,10.007382
9.680025320E-1,0.34217364,0.18424734,8.467601
9.728272190E-1,0.75673014,0.26919255,9.014959
9.776518550E-1,-0.30089745,-0.08075777,10.445269
9.824765420E-1,-0.3930211,-0.20279172,9.97508
9.873011780E-1,-0.5102694,-0.21894327,10.7431755
9.921258650E-1,0.012562319,0.058624156,10.922637
9.969505010E-1,0.15194423,0.060418773,10.087543
1.001775136E0,0.31944183,0.1591227,8.615956
1.006586386E0,0.9553344,0.28773692,6.4737816
1.011424459E0,-1.1246266,-0.38404804,11.284552
1.016249146E0,-0.2961118,-0.20458634,11.009377
1.021060344E0,0.18783657,0.16869399,11.578271
1.025898469E0,0.019740786,-0.04546363,9.455238
1.030723105E0,-0.020338992,0.009571291,10.170692
1.035534303E0,0.7220342,0.212363,6.2315083
1.040372428E0,-0.8021938,-0.28295127,10.83171
1.045197063E0,0.3696911,0.09930214,10.258629
1.050021751E0,-0.047856454,0.0424726,10.683355
1.054846386E0,0.061615184,-0.015553347,9.757333
1.059671073E0,-0.32961133,-0.13280165,10.047462
1.064495709E0,-0.35353956,-0.1471586,10.037891
1.069320396E0,-0.08733802,-0.051445685,10.649257
1.074145032E0,0.3589234,0.23449662,8.156534
1.078956230E0,1.1156535,0.30329028,7.6031938
1.083794355E0,-0.58683974,-0.14117654,12.023933
1.088618990E0,-0.779462,-0.39780676,9.522238
1.093430240E0,-0.21535404,-0.09930214,11.776277
1.098268313E0,0.024526432,0.059820566,10.275977
1.103093001E0,0.52283174,0.2548356,7.8287177
1.107904198E0,0.96729857,0.24705894,7.216155
1.112742323E0,-0.71007013,-0.19860429,11.75175
1.117566959E0,-0.8315059,-0.4121637,10.020543
1.122378157E0,0.086141616,0.06999006,12.019148
1.127216282E0,0.07298109,0.04426722,9.88176
1.132040917E0,0.17228323,0.12562318,9.230911
1.136852167E0,1.3046865,0.3469593,5.469394
1.141690240E0,-1.1736795,-0.35294133,12.013166
1.146514928E0,-0.48933223,-0.31166515,10.53141
1.151326126E0,0.2739782,0.21595225,11.965908
1.156164251E0,-0.0059820567,-0.02871387,9.25484
1.160988886E0,0.0526421,0.046061836,10.213165
1.165800084E0,0.9942178,0.30089745,5.1661043
1.170638209E0,-1.1066805,-0.34396824,11.543574
1.175462844E0,0.27816564,0.005383851,10.741979
1.180274094E0,-0.701097,-0.20817557,12.211172
1.185112167E0,0.33439696,0.16869399,9.995419
1.189936855E0,0.7118647,0.15074782,6.690332
1.194761490E0,-0.60598236,-0.20877378,10.30828
1.199586178E0,-0.030508488,-0.05682954,10.189237
1.204410813E0,-0.08135597,0.066400826,10.679168
1.209235448E0,0.2434697,0.14057833,9.570094
1.214060136E0,0.6466603,0.18843478,7.7407813
1.218884771E0,-0.66699934,-0.26679972,10.466207
1.223709459E0,-0.15613168,-0.10229317,10.0983095
1.228534094E0,-0.032303106,0.02632105,10.841281
1.233358782E0,0.15732808,0.059820566,10.145568
1.238183417E0,0.035294134,0.010767702,9.992428
1.243008105E0,-0.19322042,-0.09332009,9.735199
1.247832740E0,0.27876383,0.0849452,8.026724
1.252657428E0,-0.31345975,-0.12502499,10.186246
1.257482063E0,0.27756742,0.14416756,10.575678
1.262306698E0,0.012562319,0.03888337,10.045668
1.267131386E0,-0.06759724,-0.0526421,9.796216
1.271956021E0,-0.24945176,-0.14177474,9.902697
1.276780709E0,0.14057833,0.062213387,8.520842
1.281605344E0,0.06819545,0.015553347,9.920045
1.286430032E0,0.26859435,0.1585245,10.576276
1.291254667E0,-0.13998012,-0.05623133,9.777672
1.296079303E0,-0.22073789,-0.12801601,9.921839
1.300903990E0,-0.34277186,-0.148355,10.177273
1.305728626E0,-0.12143575,-0.026919255,10.563714
1.310539876E0,0.3385844,0.21655045,8.539984
1.315377948E0,1.0636097,0.31764722,7.656434
1.320202636E0,-0.6227321,-0.15792629,11.396416
1.325027271E0,-0.6131608,-0.3062813,10.623534
1.329851959E0,-0.47138608,-0.2434697,11.274382
1.334676594E0,0.08315059,0.1591227,10.262218
1.339487792E0,0.9026923,0.293719,7.3752775
1.344325917E0,0.14656039,0.0951147,9.51805
1.349150553E0,-0.38703907,-0.21894327,9.673584
1.353975240E0,-0.22971097,-0.14297116,10.453644
1.358799876E0,-0.09272188,0.0017946169,10.549356
1.363624563E0,0.14536397,0.07716853,10.360922
1.368449198E0,0.08255238,0.04007978,9.867402
1.373273834E0,0.19202402,0.020338992,8.903095
1.378098521E0,0.16331014,0.034097724,8.003393
1.382923209E0,-0.47856453,-0.1692922,10.470394
1.387747844E0,0.3493521,0.15373886,10.54158
1.392572480E0,-0.019142581,0.0035892338,10.271192
1.397397167E0,-0.07238288,-0.06281159,9.844072
1.402221803E0,-0.3924229,-0.14117654,9.966106
1.407046490E0,-0.28773692,-0.11246266,10.334601
1.411871126E0,-0.010767702,5.9820566E-4,10.587044
1.416695813E0,0.37387854,0.23330021,8.223534
1.421520448E0,1.1497513,0.3068795,7.2101727
1.426331646E0,-0.7722835,-0.21714866,12.240484
1.431169771E0,-0.8811569,-0.44865423,9.455837
1.435994407E0,0.19680966,0.116650105,12.008979
1.440819094E0,-0.020937199,0.010169496,9.633504
1.445643730E0,0.1692922,0.11485548,9.829117
1.450468417E0,1.2723835,0.36430725,5.608776
1.455279615E0,-1.0695918,-0.32422748,11.437693
1.460117740E0,-0.10887343,-0.106480606,10.941181
1.464942376E0,-0.63230336,-0.26799613,11.5106735
1.469767011E0,0.30508488,0.2321038,10.797014
1.474591698E0,0.9284152,0.276371,6.2440705
1.479416334E0,-0.34157544,-0.101694964,10.239487
1.484241021E0,-0.2727818,-0.17647067,9.567103
1.489065657E0,-0.14177474,-0.044865426,10.951949
1.493890344E0,0.10468599,0.084346995,10.135997
1.498714980E0,0.11365908,0.06580263,10.058828
1.503539667E0,0.34037903,0.07597212,8.3994055
1.508364303E0,-0.36430725,-0.19860429,9.999007
1.513188990E0,-0.18424734,-0.11724831,10.204192
1.518013626E0,0.031106694,0.10109676,9.949955
1.522838261E0,0.549751,0.21834506,9.060423
1.527662948E0,-0.109471634,-0.029312078,10.362717
1.532487584E0,-0.2536392,-0.16689938,9.543175
1.537312271E0,-0.2632105,-0.12323037,10.430314
1.542136907E0,-0.11964113,-0.014356935,10.305289
1.546961594E0,0.28235307,0.19202402,9.110672
1.551786230E0,0.89072824,0.28175488,8.113463
1.556610865E0,-0.549751,-0.18903299,10.63849
1.561435553E0,-0.33918262,-0.1902294,9.639486
1.566260188E0,-0.2739782,-0.10229317,11.172688
1.571084876E0,0.084346995,0.05742774,10.481161
1.575909511E0,0.16689938,0.04546363,10.144372
1.580734198E0,-0.07716853,-0.023928227,9.777672
1.585545396E0,0.59641105,0.17108682,7.1617184
1.590383521E0,-0.6765706,-0.2428715,10.447661
1.595208157E0,0.20338993,0.066400826,10.403395
1.600032792E0,0.01794617,0.08135597,10.539785
1.604857480E0,0.09032906,0.02213361,9.733404
1.609682115E0,-0.20578274,-0.09990034,9.926624
1.614506803E0,-0.18005991,-0.12143575,9.677173
1.619331438E0,0.36430725,0.17108682,7.839485
1.624156126E0,0.13998012,0.07716853,9.862617
1.628967323E0,0.24885355,0.12143575,11.021341
1.633805448E0,-0.7800602,-0.2865405,11.598011
1.638630084E0,-0.26620153,-0.16869399,9.7399845
1.643454771E0,-0.013160525,0.0017946169,9.019745
1.648279407E0,0.40378883,0.14596218,8.437691
1.653104042E0,0.4444668,0.18185452,9.985249
1.657928730E0,-0.10289137,-0.0071784677,10.04148
1.662753365E0,-0.26021945,-0.15972091,9.830912
1.667578053E0,-0.34217364,-0.12981063,10.229915
1.672402688E0,-0.13100705,-0.0317049,10.582856
1.677227376E0,0.11246266,0.06281159,10.409377
1.682052011E0,0.13339986,0.10348958,9.613763
1.686863209E0,1.0348958,0.3080759,6.2721863
1.691701334E0,-0.9870393,-0.3260221,11.067403
1.696525969E0,0.033499517,-0.05922236,10.332209
1.701337219E0,-0.785444,-0.30987054,12.033505
1.706175292E0,0.47377887,0.28175488,10.853246
1.710999980E0,0.5808577,0.14356937,7.075577
1.715811178E0,0.42951167,0.17168503,7.690532
1.720649251E0,-0.8356933,-0.32123643,10.433903
1.725473938E0,0.011964113,-0.046660043,11.44846
1.730285136E0,-0.31286156,-0.039481573,11.533405
1.735123261E0,0.21296121,0.061016977,9.976275
1.739947896E0,-0.016749758,-0.028115666,9.168698
1.744759146E0,0.97806627,0.32662028,5.4442697
1.749597219E0,-1.0031909,-0.3290131,11.805589
1.754421907E0,0.10707881,-0.01794617,11.342578
1.759246542E0,0.0741775,0.11066805,10.8556385
1.764071230E0,-0.19740787,-0.12323037,9.390035
1.768895865E0,-0.116650105,-0.055633128,10.156336
1.773707063E0,0.4779663,0.1902294,6.780063
1.778545188E0,-0.2835495,-0.08853444,10.296914
1.783369823E0,0.4881358,0.18544376,10.516456
1.788181073E0,-0.63888365,-0.18424734,12.143575
1.793019146E0,-0.12143575,-0.12323037,9.355338
1.797843834E0,-0.24107689,-0.14117654,9.821341
1.802655032E0,0.9194421,0.40618163,6.116653
1.807493157E0,-0.27517462,-0.07776674,10.603195
1.812317792E0,-0.005383851,0.005383851,12.939188
1.817142428E0,-0.45164528,-0.18664017,9.396614
1.821967115E0,-0.1902294,-0.1680958,10.112667
1.826791751E0,0.69332033,0.33260235,7.0139613
1.831616438E0,-0.20877378,-0.12083755,9.662816
1.836441073E0,0.4546363,0.19142582,10.923834
1.841265761E0,-0.82672024,-0.253041,12.125628
1.846090396E0,-0.050847482,-0.07477571,9.618548
1.850915084E0,0.018544376,-0.020338992,8.397013
1.855739719E0,0.25004998,0.11425728,8.438888
1.860564407E0,0.357727,0.12083755,9.999606
1.865389042E0,0.040677983,0.091525465,10.419546
1.870213678E0,-0.23988047,-0.13280165,9.936196
1.875038365E0,-0.40618163,-0.18484555,10.076176
1.879863001E0,-0.28055847,-0.096311115,10.574481
1.884687688E0,0.05503492,0.014955142,10.500304
1.889512323E0,0.11964113,0.078963146,10.17488
1.894337011E0,0.5282156,0.2015953,7.9346
1.899161646E0,0.12203395,0.008973085,8.673982
1.903986282E0,-0.5455636,-0.24107689,10.173085
1.908810969E0,0.0424726,0.02751746,10.634302
1.913635605E0,0.05503492,0.07238288,10.414761
1.918460292E0,0.1268196,0.033499517,10.000802
1.923284928E0,-0.17766708,-0.066400826,9.840483
1.928109615E0,-0.24047868,-0.14177474,9.893126
1.932920813E0,0.40618163,0.17168503,7.719246
1.937758938E0,0.038285162,0.02213361,9.805787
1.942583573E0,0.37507495,0.16630118,10.689935
1.947394771E0,-0.6646065,-0.2111666,11.99522
1.952232896E0,-0.3044867,-0.20638095,9.31825
1.957057532E0,-0.17766708,-0.07058827,9.821341
1.961868782E0,0.68075806,0.31106696,6.7842503
1.966706855E0,0.3792624,0.10827523,9.817153
1.971531542E0,-0.27038896,-0.0047856453,13.267603
1.976356178E0,-0.6520442,-0.33499518,8.764311
1.981180865E0,-0.13938192,-0.10468599,10.77847
1.986005501E0,0.44805604,0.27337998,7.494919
1.990830136E0,0.27517462,0.021535404,9.123235
1.995654823E0,0.2434697,0.15493527,10.959127
2.000479459E0,-0.43968117,-0.14117654,10.953744
2.005304146E0,-0.4648058,-0.28893334,9.640084
2.010128782E0,-0.2440679,-0.07597212,10.847263
2.014953469E0,0.4229314,0.25064817,7.8538423
2.019764667E0,0.80578303,0.1902294,8.324032
2.024602792E0,-0.14476576,0.04965107,11.0195465
2.029427428E0,-0.6759724,-0.26679972,11.898909
2.034252115E0,-0.44027936,-0.27996024,9.6783695
2.039076751E0,-0.047856454,0.071186475,9.730413
2.043901386E0,0.7268199,0.25543383,8.018947
2.048726073E0,0.2542374,0.13459627,10.168898
2.053550709E0,-0.16031912,-0.078963146,9.677173
2.058375396E0,-0.23928227,-0.18065812,10.002597
2.063200032E0,-0.28235307,-0.10887343,10.406385
2.068024719E0,-0.035294134,0.025124637,10.511071
2.072849355E0,0.17288144,0.13040884,9.723833
2.077660553E0,0.8961121,0.2757728,7.274779
2.082498678E0,-0.6442675,-0.22253251,10.7683
2.087323313E0,-0.22911277,-0.1680958,9.638887
2.092148001E0,-0.12203395,-0.0071784677,10.985449
2.096972636E0,0.109471634,0.055633128,10.164711
2.101797323E0,0.1381855,0.046061836,10.155139
2.106621959E0,-0.14057833,-0.060418773,9.701101
2.111446646E0,0.24825534,0.020338992,8.347362
2.116271282E0,-0.38165522,-0.16151553,10.119247
2.121095917E0,0.10887343,0.0951147,10.495519
2.125920605E0,0.0951147,0.11844472,10.069596
2.130745240E0,0.526421,0.15613168,8.230712
2.135569928E0,-0.45164528,-0.20578274,10.35494
2.140394563E0,-0.23030917,-0.13758731,9.902697
2.145219251E0,-0.10468599,-0.010169496,10.807781
2.150043886E0,0.104087785,0.08973085,10.054641
2.154868521E0,0.4325027,0.1794617,8.849854
2.159693209E0,0.0424726,-0.029910283,9.3308115
2.164517844E0,-0.35114673,-0.2213361,9.921839
2.169342532E0,-0.17048861,-0.09212367,10.525429
2.174167167E0,0.026919255,0.086141616,10.031311
2.178991855E0,0.5066802,0.20458634,9.060423
2.183816490E0,-0.096909314,-0.018544376,10.200005
2.188641178E0,-0.19561325,-0.16271193,9.580862
2.193465813E0,-0.06520442,-0.046061836,9.60479
2.198290448E0,-0.08793623,-0.013160525,10.137193
2.203115136E0,0.17168503,0.15613168,10.4668045
2.207939771E0,0.07178468,0.060418773,9.729217
2.212764459E0,0.48753762,0.11844472,7.7946196
2.217589094E0,-0.6855437,-0.27158538,10.5385895
2.222413782E0,0.019142581,-0.016151553,10.294521
2.227238417E0,0.03888337,0.06520442,10.697114
2.232063105E0,0.15014961,0.0526421,9.929018
2.236887740E0,-0.09032906,-0.039481573,9.921241
2.241712376E0,-0.16570297,-0.14057833,9.667004
2.246537063E0,0.5814559,0.22432712,7.047461
2.251361698E0,-0.424726,-0.10827523,10.513465
2.256186386E0,0.381057,0.15553348,11.71526
2.261011021E0,-0.46839502,-0.17467605,10.570892
2.265835709E0,-0.23688944,-0.16390835,9.753743
2.270660344E0,-0.212363,-0.078963146,10.205389
2.275485032E0,0.86261255,0.37208393,6.221937
2.280309667E0,-0.1471586,-0.039481573,10.448858
2.285134355E0,0.276371,0.1369891,11.806786
2.289958990E0,-0.70588267,-0.3188436,9.565309
2.294783626E0,-0.22492532,-0.12861422,10.42493
2.299608313E0,-0.17168503,-0.05802595,10.42493
2.304432948E0,0.3278167,0.212363,7.998608
2.309244198E0,0.9816555,0.276371,8.078768
2.314082271E0,-0.33499518,-0.0317049,11.260025
2.318906907E0,-0.7004988,-0.29970104,11.443674
2.323731594E0,-0.42891344,-0.25782663,10.281959
2.328556230E0,-0.010169496,0.10468599,9.625129
2.333380917E0,0.84107715,0.26979074,7.9363947
2.338205553E0,-0.07537391,0.046660043,10.77488
2.343030240E0,-0.044865426,-0.09032906,9.28834
2.347854876E0,-0.21774685,-0.15972091,10.213763
2.352679563E0,0.0071784677,0.019740786,9.087342
2.357504198E0,0.1692922,0.11006984,9.833903
2.362328886E0,0.19501504,0.12263216,10.485349
2.367153521E0,-0.13579269,-0.06999006,9.705887
2.371978157E0,-0.19621146,-0.119042926,9.954741
2.376802844E0,-0.28414768,-0.12622139,10.262816
2.381627480E0,0.055633128,0.086141616,9.556933
2.386452167E0,0.55393845,0.20997019,8.963513
2.391276803E0,-0.011365907,0.039481573,10.496117
2.396101490E0,-0.18185452,-0.13878371,9.523434
2.400926126E0,-0.23688944,-0.14955142,10.20479
2.405750813E0,-0.21535404,-0.071186475,10.363315
2.410575448E0,0.26919255,0.18604197,8.822935
2.415400084E0,0.907478,0.27936205,8.319246
2.420224771E0,-0.4127619,-0.111266255,10.776675
2.425049407E0,-0.4546363,-0.19322042,10.962717
2.429874094E0,-0.6873383,-0.36550367,10.460822
2.434698730E0,0.04007978,0.12143575,11.205588
2.439509980E0,0.718445,0.30209386,6.730412
2.444348053E0,1.0001999,0.2865405,8.011768
2.449172688E0,-0.8279166,-0.22313072,12.882957
2.453997376E0,-1.0235299,-0.5485546,9.202198
2.458822011E0,0.19561325,0.17108682,12.272787
2.463646698E0,0.27816564,0.20518455,7.3806615
2.468457896E0,1.250848,0.31046873,7.266404
2.473296021E0,-0.67776704,-0.1160519,12.915858
2.478120657E0,-0.86919284,-0.47976094,8.78465
2.482931855E0,0.0424726,0.05682954,11.976077
2.487769980E0,-0.0634098,0.009571291,9.715458
2.492594667E0,0.38165522,0.21595225,8.529815
2.497405865E0,1.1324034,0.29072794,6.9565334
2.502243938E0,-0.81834537,-0.23330021,11.517852
2.507068626E0,-0.5665008,-0.30149564,10.532009
2.511879823E0,-0.38703907,-0.15074782,11.873186
2.516717948E0,0.18544376,0.16570297,10.409377
2.521542584E0,0.82731843,0.26919255,7.07438
2.526367219E0,0.1680958,0.07298109,8.8701935
2.531191907E0,-0.552742,-0.253041,9.942777
2.536016542E0,-0.09272188,-0.046660043,10.6349
2.540841230E0,0.0029910284,0.053240303,10.510473
2.545665865E0,0.18185452,0.05922236,10.226326
2.550490553E0,-0.0526421,-0.034097724,9.839287
2.555315188E0,-0.2548356,-0.12203395,9.821341
2.560139876E0,0.04426722,-0.022731815,9.0436735
2.564964511E0,-0.0023928226,0.0011964113,9.580862
2.569789198E0,0.29790643,0.17647067,10.202397
2.574613834E0,0.025722843,0.04007978,9.930214
2.579438469E0,-0.078963146,-0.09930214,9.728619
2.584263157E0,-0.101694964,-0.1052842,9.388838
2.589087792E0,-0.15792629,-0.06699903,9.88834
2.593912480E0,0.16689938,0.10767702,10.11147
2.598737115E0,0.12562318,0.111266255,10.237094
2.603561803E0,-0.0065802624,-0.032901313,9.666406
2.608386438E0,0.15134603,-0.039481573,8.764311
2.613211126E0,-0.45224348,-0.19561325,10.27837
2.618035761E0,0.050847482,0.04366901,10.485947
2.622860396E0,0.07776674,0.111266255,10.275977
2.627685084E0,0.32243285,0.12263216,8.927023
2.632509719E0,0.046660043,-0.03888337,9.263813
2.637334407E0,-0.40737805,-0.212363,9.989436
2.642159042E0,-0.12143575,-0.026919255,10.578071
2.646983730E0,0.039481573,0.09810573,10.26162
2.651808365E0,0.3786642,0.18065812,9.205189
2.656633053E0,0.16570297,0.03708875,9.134003
2.661457688E0,-0.37447673,-0.212363,9.94158
2.666282376E0,-0.2105684,-0.109471634,10.381859
2.671107011E0,-0.038285162,0.05623133,10.223933
2.675931646E0,0.36670008,0.16450655,9.434899
2.680756334E0,0.1471586,0.06520442,9.61795
2.685580969E0,-0.19381863,-0.15074782,9.758529
2.690405657E0,-0.0634098,-0.076570325,9.33141
2.695230292E0,-0.20578274,-0.061615184,10.372886
2.700054928E0,0.16570297,0.13280165,10.428519
2.704879615E0,0.08793623,0.07716853,9.891929
2.709704251E0,0.45164528,0.101694964,8.058429
2.714528938E0,-0.552742,-0.253041,10.398609
2.719353573E0,-0.13519448,-0.07537391,10.223334
2.724178261E0,-0.008973085,0.05623133,10.7024975
2.729002896E0,0.15613168,0.09032906,9.977472
2.733827584E0,0.12263216,0.037686955,9.584451
2.738652219E0,0.65024954,0.1794617,6.748956
2.743463417E0,-0.92602235,-0.34037903,10.99502
2.748301542E0,0.3272185,0.08973085,10.306485
2.753126178E0,-0.7531409,-0.25124636,12.321242
2.757950865E0,0.44745782,0.20279172,10.2347
2.762775501E0,0.27158538,-0.0035892338,7.862217
2.767600188E0,0.45224348,0.21595225,7.0343003
2.772424823E0,-0.71724856,-0.2638087,10.706685
2.777249511E0,-0.089132644,-0.08315059,12.382857
2.782074146E0,0.13758731,0.12801601,10.47159
2.786898834E0,-0.15792629,-0.13878371,9.513863
2.791723469E0,0.27337998,0.1052842,8.836096
2.796548105E0,0.069391854,0.018544376,7.740183
2.801372792E0,-0.09810573,-0.0317049,10.563714
2.806197428E0,0.36729828,0.16390835,10.43151
2.811022115E0,-0.3900301,-0.1381855,11.566905
2.815846751E0,-0.28893334,-0.1692922,9.385847
2.820671438E0,-0.32542387,-0.15613168,10.444671
2.825496073E0,0.68255264,0.34337005,6.8799634
2.830320709E0,0.21595225,0.03888337,9.353543
2.835145396E0,0.034695927,0.09332009,12.585649
2.839970032E0,-0.58923256,-0.26919255,9.2488575
2.844794719E0,-0.22911277,-0.148355,10.520643
2.849619355E0,-0.20697916,-0.06520442,10.267602
2.854444042E0,0.36610186,0.22253251,7.9316087
2.859255240E0,0.91106725,0.24227329,8.26122
2.864093365E0,-0.25782663,-0.008973085,11.270195
2.868918001E0,-0.7148558,-0.30927232,11.472388
2.873742636E0,-0.39182472,-0.25722843,10.191031
2.878567323E0,-0.02632105,0.09212367,9.486345
2.883391959E0,0.7848458,0.2548356,8.075776
2.888216646E0,-0.041874398,0.055633128,10.789237
2.893041282E0,-0.020338992,-0.06699903,9.307482
2.897865969E0,-0.21355942,-0.1591227,10.161121
2.902690605E0,0.037686955,0.02213361,8.8187475
2.907515240E0,0.09750752,0.07238288,9.930214
2.912339928E0,0.23868406,0.12143575,10.523634
2.917164563E0,-0.15014961,-0.06999006,9.734601
2.921989251E0,-0.22492532,-0.13339986,9.9553385
2.926813886E0,-0.34217364,-0.15373886,10.215558
2.931638573E0,-0.07836494,-0.02213361,10.5685
2.936463209E0,0.34217364,0.21714866,8.439486
2.941287896E0,1.0677971,0.31345975,7.589435
2.946099094E0,-0.6873383,-0.18364914,11.641082
2.950937167E0,-0.69272214,-0.34636107,9.962517
2.955761855E0,-0.3056831,-0.10827523,11.810374
2.960586490E0,0.09332009,0.096311115,10.376475
2.965411178E0,0.51565325,0.23868406,7.5846496
2.970235813E0,1.0588241,0.30329028,7.186843
2.975047063E0,-0.9403793,-0.3062813,11.834303
2.979885136E0,-0.8009974,-0.4235296,10.222138
2.984709823E0,0.28893334,0.21535404,11.989836
2.989534459E0,-0.01375873,-0.016151553,9.432507
2.994359094E0,0.29132617,0.1591227,9.110074
2.999183782E0,1.0408778,0.29671,5.985048
3.003994980E0,-1.1407782,-0.36729828,11.534003
3.008833105E0,-0.1585245,-0.14237295,10.821541
3.013657740E0,-0.19621146,0.015553347,12.059826
3.018482428E0,0.17168503,0.040677983,9.6993065
3.023307063E0,0.18903299,0.047258247,9.04786
3.028131751E0,0.92662054,0.3068795,5.5686965
3.032942948E0,-1.0863415,-0.38883367,11.705688
3.037781073E0,-0.0317049,-0.09810573,11.438889
3.042605709E0,0.16869399,0.15433706,11.132607
3.047430344E0,-0.13160525,-0.10348958,9.245867
3.052255032E0,-0.04426722,-0.014356935,10.18505
3.057079667E0,0.7375876,0.27816564,5.8008003
3.061890917E0,-0.7178468,-0.21475583,11.042278
3.066736646E0,0.3912265,0.111266255,11.384452
3.071553678E0,-0.5072784,-0.13040884,11.391032
3.076378313E0,-0.07537391,-0.08793623,9.556335
3.081203001E0,0.12323037,0.017347964,8.740981
3.086027636E0,0.30089745,0.15373886,7.2939215
3.090852271E0,0.0065802624,-0.0029910284,10.43809
3.095676959E0,0.18305093,0.111266255,11.596815
3.100501594E0,-0.47736812,-0.21355942,10.646864
3.105326282E0,-0.30329028,-0.1788635,9.835697
3.110150917E0,-0.2321038,-0.10707881,10.185648
3.114975553E0,0.887139,0.38584265,6.298507
3.119800240E0,-0.014955142,-0.005383851,10.198809
3.124624876E0,0.15014961,0.101694964,12.152548
3.129449563E0,-0.782453,-0.35653058,9.14477
3.134274198E0,-0.12083755,-0.07537391,10.688141
3.139098886E0,-0.1585245,-0.05682954,10.281361
3.143923521E0,0.31106696,0.20578274,8.233703
3.148734771E0,1.0989038,0.29671,7.8281193
3.153572844E0,-0.4456632,-0.07298109,11.246864
3.158397532E0,-0.6478567,-0.28594232,11.419746
3.163222167E0,-0.45164528,-0.2632105,10.402198
3.168046855E0,-0.026919255,0.111864455,9.864411
3.172871490E0,0.9302098,0.29910284,7.72463
3.177696126E0,-0.02632105,0.05922236,10.420144
3.182520813E0,-0.1160519,-0.123828575,9.369696
3.187345448E0,-0.2745764,-0.16450655,10.286146
3.192170136E0,-0.20997019,-0.076570325,10.4016
3.196994771E0,0.16390835,0.1585245,9.264411
3.201819459E0,0.8919246,0.27098715,8.242676
3.206644094E0,-0.4229314,-0.11545369,10.719247
3.211468730E0,-0.34097722,-0.19322042,9.467203
3.216293417E0,-0.23988047,-0.089132644,10.77488
3.221118053E0,-0.0317049,-0.0023928226,10.443475
3.225942740E0,0.21296121,0.071186475,10.40818
3.230767376E0,-0.014955142,-0.0011964113,9.781859
3.235592063E0,-0.13040884,-0.07597212,9.796814
3.240416698E0,0.82612205,0.2745764,6.0729837
3.245241334E0,-0.8003992,-0.22791636,10.96152
3.250052584E0,0.2847459,0.051445685,11.796616
3.254890657E0,-0.1477568,0.0041874396,10.358529
3.259715344E0,-0.15194423,-0.12622139,9.643075
3.264539980E0,-0.19860429,-0.0735793,10.113265
3.269364667E0,0.33080772,0.17108682,7.4039917
3.274189303E0,0.09571291,0.016749758,9.7908325
3.279013990E0,0.3074777,0.1477568,10.680962
3.283838626E0,-0.30269206,-0.10707881,10.2682
3.288663261E0,-0.30867413,-0.18305093,9.830912
3.293487948E0,-0.35832518,-0.12801601,10.493724
3.298312584E0,-0.061016977,-0.021535404,10.438689
3.303137271E0,0.17347965,0.13459627,9.317053
3.307948469E0,1.1581261,0.34636107,7.042675
3.312786594E0,-0.6257231,-0.16450655,11.094322
3.317611230E0,-0.29012975,-0.19202402,9.303893
3.322422480E0,-0.23090738,-0.078963146,11.139188
3.327260553E0,0.024526432,0.03589234,10.314262
3.332085188E0,0.20219351,0.04366901,10.326824
3.336909876E0,-0.101694964,-0.037686955,9.734601
3.341734511E0,-0.14476576,-0.0951147,9.835099
3.346559198E0,0.8129615,0.2973082,6.1357956
3.351370396E0,-0.695115,-0.20458634,10.941181
3.356208521E0,0.25902304,0.05383851,12.078969
3.361033157E0,-0.23330021,-0.048454657,9.989436
3.365857844E0,-0.19381863,-0.14596218,9.787243
3.370682480E0,-0.15972091,-0.069391854,10.166505
3.375507115E0,0.6263213,0.27996024,6.6257257
3.380331803E0,-0.044865426,0.005383851,10.117453
3.385156438E0,0.2440679,0.12622139,11.941381
3.389981126E0,-0.61854464,-0.27696922,10.067801
3.394805761E0,-0.28115666,-0.17706887,10.113265
3.399630448E0,-0.20458634,-0.06281159,10.444671
3.404455084E0,0.8129615,0.37387854,6.519245
3.409279719E0,0.2105684,0.07776674,9.723235
3.414104407E0,0.049052864,0.059820566,11.693725
3.418929042E0,-0.8446664,-0.39900318,9.656834
3.423753730E0,-0.20518455,-0.10468599,10.884951
3.428578365E0,-0.12263216,-0.016151553,10.482358
3.433403053E0,0.4636094,0.2620141,7.6331043
3.438214251E0,1.0689936,0.27876383,7.732406
3.443052376E0,-0.58923256,-0.11425728,12.690335
3.447877011E0,-0.9349955,-0.4660022,8.904889
3.452688209E0,0.08015956,0.05742774,11.898909
3.457526334E0,-0.081954174,-0.005383851,9.792028
3.462350969E0,0.2440679,0.16390835,9.148957
3.467162219E0,1.3513466,0.36191443,6.274579
3.472000292E0,-0.9810573,-0.27996024,11.60519
3.476824980E0,-0.42652065,-0.25543383,10.516456
3.481636178E0,-0.49232325,-0.19322042,11.9407835
3.486474303E0,0.20338993,0.18604197,10.304092
3.491298938E0,0.95832545,0.2943172,6.756733
3.496123573E0,-0.2219343,-0.040677983,10.171889
3.500948261E0,-0.24526432,-0.19920248,9.466006
3.505772896E0,-0.22013968,-0.08973085,10.817951
3.510597584E0,0.005383851,0.055633128,10.275977
3.515422219E0,0.12861422,0.11306087,10.068997
3.520246907E0,0.6789634,0.19860429,7.6019974
3.525071542E0,-0.56530434,-0.22552353,10.527822
3.529896178E0,-0.19202402,-0.13758731,9.906884
3.534720865E0,-0.12263216,0.0077766734,10.875379
3.539545501E0,0.13339986,0.09332009,10.126426
3.544370188E0,0.078963146,0.053240303,9.963714
3.549194823E0,0.4959125,0.12921242,7.631908
3.554019511E0,-0.58564335,-0.24825534,10.432109
3.558844146E0,-0.048454657,-0.062213387,10.261022
3.563668834E0,-0.009571291,0.07537391,10.649856
3.568493469E0,0.15972091,0.09571291,9.896116
3.573318157E0,0.16271193,0.049052864,9.320642
3.578142792E0,0.32841492,0.068793654,7.704291
3.582967428E0,-0.6658029,-0.24885355,10.600802
3.587792115E0,0.24227329,0.09451649,10.422537
3.592616751E0,0.02213361,0.048454657,10.510473
3.597441438E0,0.05742774,-0.011365907,9.819546
3.602266073E0,-0.28713873,-0.11365908,9.965508
3.607090709E0,-0.33439696,-0.13758731,10.027721
3.611915396E0,-0.10887343,-0.04426722,10.42493
3.616740084E0,0.465404,0.25603202,7.795816
3.621564719E0,0.9320044,0.29252258,8.386245
3.626375917E0,-0.5162515,-0.12622139,11.889338
3.631214042E0,-0.83090764,-0.35533416,9.116056
3.636038678E0,-0.14656039,-0.36490545,12.208181
3.640863365E0,-0.12921242,0.3397808,9.432507
3.645688001E0,0.8530413,0.25722843,7.7347994
3.650512636E0,0.14297116,0.11306087,11.003395
3.655337323E0,-0.18125631,-0.27816564,9.27817
3.660161959E0,-0.39900318,-0.19202402,10.330414
3.664986646E0,-0.25782663,-0.018544376,10.383654
3.669797844E0,0.2105684,0.24526432,8.603394
3.674635969E0,0.92303133,0.34456646,8.391629
3.679460605E0,-0.20877378,-0.091525465,11.004591
3.684285240E0,-0.42412782,-0.2961118,10.329815
3.689109928E0,-0.73818576,-0.33379877,11.09851
3.693934563E0,-0.035294134,0.096909314,10.884951
3.698745813E0,0.54436713,0.27098715,7.120442
3.703583886E0,0.9415757,0.34037903,7.8687973
3.708408573E0,-0.5312066,-0.25962126,11.542976
3.713233209E0,-0.71306115,-0.3589234,10.753345
3.718057896E0,-0.31465617,-0.19082761,11.522637
3.722882532E0,0.10229317,0.22073789,8.800801
3.727693730E0,1.183849,0.37806597,6.721439
3.732531855E0,-0.2650051,-0.05383851,11.537593
3.737356490E0,-0.37806597,-0.20398813,10.080363
3.742167740E0,-0.573081,-0.30388847,11.264811
3.747005813E0,-0.08853444,0.116650105,9.927821
3.751830501E0,0.7639086,0.29491538,7.84128
3.756655136E0,0.232702,0.09451649,9.962517
3.761479823E0,-0.148355,-0.096311115,9.499506
3.766304459E0,-0.31345975,-0.16390835,9.797412
3.771129146E0,0.07178468,0.06999006,10.203594
3.775953782E0,-0.2853441,-0.14356937,10.597812
3.780778417E0,0.6580262,0.4031906,9.496515
3.785603105E0,-0.084346995,-0.12263216,9.211769
3.790427740E0,-0.55513483,-0.31764722,9.789038
3.795252428E0,-0.22492532,-0.16630118,10.44826
3.800077063E0,0.4564309,0.25064817,9.702896
3.804901751E0,-0.1794617,-0.016151553,10.540383
3.809726386E0,0.46301118,0.31585258,8.879765
3.814551021E0,-0.30867413,-0.18245272,10.7126665
3.819375709E0,-0.53599226,-0.47198427,9.078369
3.824200344E0,0.36610186,0.22253251,9.34457
3.829011594E0,-0.25842485,-0.008374879,11.216954
3.833849667E0,0.634098,0.4648058,9.0131645
3.838674355E0,-0.116650105,-0.12323037,9.796216
3.843498990E0,-0.6478567,-0.49232325,9.352347
3.848323626E0,0.1471586,0.12323037,10.001999
3.853148313E0,-0.29850462,-0.13040884,10.703694
3.857972948E0,0.7812566,0.52223355,9.276375
3.862797636E0,-0.11545369,-0.066400826,10.266405
3.867622271E0,-0.5521438,-0.49351966,8.910274
3.872446959E0,0.039481573,0.10229317,9.815957
3.877271594E0,-0.30987054,-0.123828575,11.000404
3.882096282E0,0.65264237,0.3792624,9.472587
3.886920917E0,0.1363909,0.008973085,8.640483
3.891745553E0,-0.31405798,-0.11485548,11.048261
3.896570240E0,-0.651446,-0.41694933,9.836894
3.901394876E0,0.12562318,0.13998012,10.204192
3.906219563E0,0.31944183,0.20219351,9.488738
3.911044198E0,0.40498522,0.16869399,9.007781
3.915868886E0,-0.0035892338,-0.050249275,9.522836
3.920693521E0,-0.40378883,-0.2111666,9.8937235
3.925518209E0,-0.23988047,-0.06580263,10.305887
3.930342844E0,0.1902294,0.1363909,10.020543
3.935167480E0,0.23569304,0.086141616,10.274182
3.939992167E0,-0.008374879,-0.04546363,9.522836
3.944816803E0,-0.26141587,-0.1591227,9.725628
3.949641490E0,-0.31226337,-0.14057833,10.325029
3.954466126E0,-0.034097724,0.028115666,9.739387
3.959290813E0,0.37567315,0.20338993,9.330214
3.964115448E0,0.21535404,0.111266255,9.704092
3.968940084E0,0.10289137,-0.096311115,9.712467
3.973764771E0,-0.039481573,-0.14895321,9.431311
3.978589407E0,-0.5341976,-0.15134603,10.676775
3.983414094E0,-0.18185452,0.09571291,10.197014
3.988238730E0,0.26739794,0.1788635,9.54138
3.993063417E0,0.69092757,0.2009971,7.8556366
3.997888053E0,-0.3595216,-0.2321038,10.96152
4.002712740E0,-0.4636094,-0.20338993,10.565509
4.007537376E0,-0.34576288,-0.08315059,10.733006
4.012362011E0,0.16749759,0.2219343,9.092726
4.017173261E0,1.0540384,0.34636107,7.1539416
4.022011334E0,-0.401396,-0.26081768,11.066805
4.026836021E0,-0.62093747,-0.26021945,10.748559
4.031660657E0,-0.20937198,-0.0047856453,10.847263
4.036485344E0,0.15194423,0.05623133,10.063614
4.041309980E0,0.26979074,0.12801601,9.363713
4.046121178E0,0.69272214,0.21355942,7.0845494
4.050959303E0,-0.7070791,-0.31226337,10.8352995
4.055783938E0,-0.1692922,-0.0741775,10.621141
4.060608626E0,0.0065802624,0.044865426,10.366904
4.065433261E0,0.1794617,0.08075777,9.929018
4.070257948E0,0.046061836,0.019142581,9.618548
4.075082584E0,-0.15373886,-0.0951147,9.854242
4.079907271E0,0.11784652,-0.010767702,8.73141
4.084731907E0,-0.18185452,-0.07178468,10.372288
4.089556542E0,0.32303107,0.19381863,9.83809
4.094381230E0,0.04366901,0.09810573,9.744172
4.099205865E0,-0.13998012,-0.0951147,9.839885
4.104030553E0,-0.3792624,-0.2650051,10.496715
4.108855188E0,-0.012562319,-0.104087785,9.675379
4.113679876E0,0.16271193,0.08315059,9.6993065
4.118504511E0,0.24107689,0.2865405,9.643674
4.123329198E0,-0.06281159,0.0,9.758529
4.128153834E0,0.29252258,-0.03888337,8.551949
4.132965032E0,-0.60717875,-0.30329028,11.231311
4.137803157E0,-0.091525465,0.0,10.7024975
4.142627792E0,0.15254244,0.18843478,8.65125
4.147439042E0,0.8356933,0.3080759,7.8646097
4.152277115E0,-0.5736792,-0.23150559,11.12184
4.157101803E0,-0.47377887,-0.28414768,11.062617
4.161926438E0,-0.15553348,-0.030508488,10.99502
4.166751073E0,0.025124637,0.13579269,8.882157
4.171575761E0,0.95832545,0.3379862,7.6337023
4.176400396E0,-0.47916272,-0.12023934,10.820344
4.181225084E0,-0.2745764,-0.25543383,10.869397
4.186049719E0,-0.25543383,-0.17407785,10.740783
4.190860969E0,0.8428718,0.3924229,6.6053867
4.195699042E0,-0.15672988,0.037686955,10.34477
4.200523730E0,-0.06999006,0.07477571,11.72842
4.205348365E0,-0.73459655,-0.45702913,10.637293
4.210173001E0,0.49052864,0.13459627,8.048857
4.214997688E0,-0.0047856453,-0.025722843,9.388838
4.219822323E0,0.20877378,0.16630118,9.88176
4.224647011E0,-0.096909314,0.12981063,10.493126
4.229471646E0,-0.23988047,-0.17108682,10.439287
4.234296334E0,-0.19740787,-0.20398813,10.399805
4.239120969E0,0.9798609,0.35832518,6.0341005
4.243945605E0,-0.7615158,-0.25722843,11.511869
4.248756855E0,-0.17647067,0.024526432,12.12204
4.253594928E0,-0.20219351,0.035294134,10.584651
4.258419615E0,1.2065809,0.33559337,4.8095737
4.263230813E0,-1.049851,-0.42592242,12.073585
4.268068938E0,0.1902294,-0.068793654,10.655837
4.272893573E0,-0.12981063,0.1591227,10.47518
4.277718261E0,-0.025124637,0.048454657,10.088738
4.282542896E0,0.20279172,0.01375873,9.042477
4.287367532E0,0.72502524,0.25722843,6.452246
4.292178782E0,-1.0109676,-0.53659046,12.248859
4.297016855E0,-0.40498522,-0.1902294,12.021541
4.301841542E0,0.19860429,0.37746778,10.075578
4.306652740E0,1.2131611,0.35294133,5.432306
4.311490865E0,-0.91346,-0.34337005,11.282757
4.316315501E0,-0.19501504,-0.29252258,11.160125
4.321140136E0,-0.148355,-0.019142581,10.755738
4.325964823E0,-0.048454657,0.12921242,10.075578
4.330789459E0,0.7890333,0.3505485,7.4584284
4.335614146E0,-0.253041,-0.09571291,9.999007
4.340438782E0,-0.30029923,-0.3062813,10.740185
4.345263469E0,0.23330021,0.0023928226,8.754142
4.350088105E0,-0.016749758,0.111864455,10.363315
4.354912792E0,0.058624156,0.1692922,10.214361
4.359737428E0,-0.2434697,-0.10049855,10.473385
4.364548626E0,0.46002015,0.02632105,7.995617
4.369386751E0,-0.58923256,-0.29252258,11.097313
4.374211386E0,0.13399807,0.059820566,9.73819
4.379036073E0,0.2213361,0.22552353,9.647861
4.383860709E0,-0.12921242,0.047856454,10.224531
4.388685396E0,0.51146585,0.11365908,7.760522
4.393496594E0,-0.6729814,-0.38524446,11.41855
4.398334667E0,-0.086141616,-0.091525465,10.859825
4.403159355E0,0.16630118,0.21296121,8.565707
4.407970553E0,0.7399804,0.30987054,8.292327
4.412808678E0,-0.4426722,-0.15254244,10.700105
4.417633313E0,-0.42592242,-0.30388847,11.095519
4.422458001E0,-0.19680966,-0.11844472,10.788639
4.427282636E0,0.11485548,0.14536397,8.732606
4.432107323E0,0.71246296,0.2656033,8.488539
4.436931959E0,-0.32961133,0.0011964113,10.365109
4.441756594E0,-0.27816564,-0.22313072,10.922637
4.446581282E0,-0.064008005,-0.15254244,9.823733
4.451392480E0,0.509073,0.19680966,7.493124
4.456230605E0,-0.078963146,0.07836494,10.420743
4.461055240E0,-0.08673982,0.1058824,11.461022
4.465879928E0,-0.58564335,-0.33439696,10.565509
4.470704563E0,0.12502499,-0.017347964,9.41157
4.475529198E0,0.8596215,0.32183465,6.480362
4.480340448E0,-0.65324056,-0.20817557,11.26182
4.485178521E0,-0.28594232,-0.028115666,12.25185
4.490003209E0,-0.2015953,-0.022731815,10.7228365
4.494814407E0,1.2418749,0.3475575,4.5266223
4.499652532E0,-1.07019,-0.4336991,12.41875
4.504477167E0,0.26021945,-0.03888337,10.463814
4.509301855E0,-0.21475583,0.1058824,10.657034
4.514126490E0,-0.029312078,0.047258247,10.156934
4.518951126E0,0.7280163,0.22492532,6.815955
4.523762376E0,-0.73459655,-0.360718,11.44846
4.528600448E0,0.051445685,-0.14895321,10.307083
4.533425136E0,0.06460621,0.15373886,9.404391
4.538249771E0,0.48394838,0.33320054,9.043075
4.543074459E0,-0.26859435,-0.06520442,10.306485
4.547899094E0,-0.27696922,-0.24825534,10.639686
4.552710292E0,0.6221339,0.11246266,7.3046894
4.557548417E0,-0.55752766,-0.15672988,11.199008
4.562373053E0,0.41874397,0.2650051,10.202397
4.567197740E0,-0.38285163,-0.069391854,10.379466
4.572022376E0,-0.17766708,-0.16630118,10.386046
4.576847063E0,0.1058824,-0.055633128,8.994022
4.581658261E0,0.1680958,0.019740786,8.481958
4.586496334E0,0.16331014,0.13100705,10.165309
4.591321021E0,-0.0023928226,0.18783657,10.311271
4.596145657E0,-0.3684947,-0.20877378,10.521241
4.600970344E0,-0.22552353,-0.20937198,10.48176
4.605794980E0,0.28594232,0.054436713,8.246265
4.610619667E0,-0.10887343,-0.0634098,10.457831
4.615444303E0,0.148355,0.21296121,10.016953
4.620268990E0,-0.20398813,0.071186475,10.350154
4.625080188E0,0.8009974,0.19920248,6.4935226
4.629918261E0,-0.9290134,-0.50009996,11.788839
4.634742948E0,0.036490545,-0.047258247,11.036296
4.639567584E0,-0.13579269,0.09272188,10.454841
4.644392271E0,-0.0029910284,0.10707881,9.413962
4.649216907E0,1.204188,0.39601216,5.9264235
4.654028157E0,-1.0671989,-0.4755735,11.8384905
4.658866230E0,-0.3361916,-0.2883351,11.837892
4.663690865E0,-0.054436713,0.12083755,10.890334
4.668502115E0,0.5814559,0.30089745,6.966703
4.673340188E0,0.69272214,0.232702,8.00459
4.678164876E0,-0.6861419,-0.24227329,12.282358
4.682976073E0,-0.9272188,-0.59700924,11.586645
4.687814198E0,0.5300102,0.35353956,8.400602
4.692638834E0,0.50069815,0.15314065,9.01137
4.697463469E0,-0.13998012,0.13998012,9.995419
4.702288157E0,-0.24945176,-0.14656039,10.832308
4.707112792E0,0.30089745,-0.071186475,8.479566
4.711937480E0,-0.4325027,-0.17706887,10.756934
4.716762115E0,0.14656039,0.11425728,9.963714
4.721586803E0,0.19680966,0.2213361,9.614362
4.726411438E0,0.10887343,0.07477571,9.183055
4.731236126E0,-0.06520442,-0.16570297,9.742377
4.736060761E0,-0.3260221,-0.23688944,10.5015
4.740885396E0,0.047856454,0.026919255,9.796216
4.745710084E0,0.22612174,0.22971097,9.676575
4.750534719E0,-0.11545369,0.081954174,10.13839
4.755359407E0,0.29850462,0.026919255,8.576474
4.760184042E0,-0.51505506,-0.3487539,10.928619
4.765008730E0,0.19381863,-0.020338992,9.138189
4.769833365E0,0.03888337,0.10348958,10.194621
4.774658053E0,0.04366901,0.18903299,10.113863
4.779482688E0,-0.21954148,-0.09990034,10.425529
4.784293886E0,0.61675006,0.10289137,7.3142605
4.789132011E0,-0.7956135,-0.37627137,11.592628
4.793956646E0,0.1381855,0.031106694,10.657632
4.798781334E0,-0.09571291,0.16271193,10.091131
4.803605969E0,0.657428,0.29252258,7.732406
4.808430657E0,-0.40558344,-0.23330021,10.684551
4.813255292E0,0.1160519,-0.123828575,9.16152
4.818079928E0,-0.35413775,-0.18903299,10.93819
4.822904615E0,0.10289137,0.16331014,10.314262
4.827729251E0,0.17826529,0.2015953,9.226724
4.832553938E0,0.6155536,0.22851457,7.545168
4.837378573E0,-0.7890333,-0.44506502,11.356935
4.842189771E0,-0.16570297,-0.18843478,11.127822
4.847027896E0,-0.11545369,0.048454657,10.607981
4.851852584E0,0.4019942,0.27158538,7.6773715
4.856663782E0,0.9026923,0.32243285,7.806584
4.861501855E0,-0.83090764,-0.30209386,12.719647
4.866326542E0,-0.8542377,-0.613759,11.288739
4.871137740E0,0.63529444,0.38703907,7.8197446
4.875975865E0,0.42771706,0.14117654,9.362516
4.880800501E0,-0.06999006,0.1698904,9.80818
4.885625188E0,-0.37328035,-0.18903299,10.966905
4.890449823E0,-0.21655045,-0.25663024,10.452448
4.895274511E0,0.76630145,0.26799613,6.7292156
4.900085709E0,-0.43848476,-0.09930214,11.002198
4.904923782E0,0.11964113,0.17048861,11.4353
4.909748469E0,-0.57487565,-0.23509483,10.542178
4.914559667E0,0.38404804,0.0317049,8.499306
4.919397792E0,0.59700924,0.23748764,7.1431737
4.924222428E0,-0.7298109,-0.31286156,11.377274
4.929033626E0,-0.29072794,-0.0035892338,12.208779
4.933871751E0,-0.062213387,0.11425728,10.617552
4.938696438E0,1.2197413,0.35473597,4.723432
4.943507636E0,-1.0396814,-0.4354937,12.106486
4.948345709E0,0.0849452,-0.16869399,10.813764
4.953170396E0,-0.19621146,0.081954174,10.657034
4.957995032E0,0.02751746,0.15732808,9.524631
4.962819719E0,1.154537,0.38883367,6.1854467
4.967644355E0,-0.974477,-0.43968117,11.474183
4.972455553E0,-0.13100705,-0.22791636,11.266007
4.977293678E0,-0.15373886,0.029312078,10.665409
4.982118313E0,-0.071186475,0.104087785,10.210175
4.986929563E0,0.85244304,0.36370903,7.070193
4.991767636E0,-0.37567315,-0.16331014,10.263414
4.996592323E0,-0.25782663,-0.28175488,10.624731
5.001416959E0,0.1369891,-0.0059820567,9.186645
5.006241646E0,0.12861422,0.17527425,10.0265255
5.011066282E0,0.005383851,0.15613168,10.12822
5.015890917E0,-0.22911277,-0.09990034,10.425529
5.020715605E0,0.62512493,0.09930214,7.179664
5.025540240E0,-0.81894356,-0.37627137,11.659627
5.030364928E0,0.20997019,0.078963146,10.585249
5.035189563E0,-0.16091733,0.11784652,10.345368
5.040014251E0,0.20638095,0.12023934,8.837293
5.044825448E0,0.8847462,0.2973082,6.5754766
5.049663521E0,-1.0935199,-0.5587241,12.163316
5.054488209E0,-0.41934216,-0.23748764,12.068799
5.059312844E0,0.10827523,0.28235307,10.21496
5.064137532E0,0.8596215,0.29850462,6.9499536
5.068962167E0,-0.21954148,-0.023928227,9.903295
5.073786855E0,-0.37447673,-0.32183465,10.980065
5.078611490E0,0.24765715,-0.0317049,8.791828
5.083436126E0,-0.10707881,0.054436713,10.487741
5.088260813E0,0.12023934,0.19800608,10.113265
5.093085448E0,-0.2009971,-0.028115666,10.320244
5.097910136E0,0.7405786,0.18364914,6.695118
5.102721334E0,-0.92303133,-0.44865423,11.846865
5.107559459E0,0.13040884,0.0011964113,10.839486
5.112384094E0,-0.15553348,0.09810573,10.417153
5.117208730E0,0.059820566,0.11006984,9.025727
5.122033417E0,1.1587243,0.36011982,6.151947
5.126858053E0,-1.0785648,-0.49172506,12.547962
5.131669303E0,-0.66759753,-0.46660042,12.016157
5.136507376E0,0.3182454,0.4001996,9.150752
5.141332063E0,0.9559326,0.28773692,7.446464
5.146156698E0,-0.45882374,-0.05503492,10.394422
5.150981386E0,-0.28713873,-0.27098715,11.012966
5.155806021E0,-0.1052842,-0.17288144,10.025329
5.160617219E0,0.3475575,0.16450655,8.055437
5.165455344E0,0.3792624,0.23808585,9.669994
5.170279980E0,-0.19920248,0.05623133,10.398011
5.175104667E0,-0.49471608,-0.32961133,10.928619
5.179929303E0,-0.21355942,-0.19202402,10.639686
5.184753990E0,0.33320054,0.13040884,8.136793
5.189578626E0,0.2440679,0.101694964,9.70828
5.194403313E0,0.032303106,0.19082761,9.951151
5.199227948E0,-0.35533416,-0.13100705,10.790434
5.204052584E0,-0.15613168,-0.23629123,10.255638
5.208877271E0,0.9194421,0.33379877,6.2159553
5.213701907E0,-0.76510507,-0.2434697,11.579467
5.218513157E0,-0.096311115,0.048454657,12.015559
5.223351230E0,-0.2847459,-0.019740786,10.527224
5.228175917E0,1.1335998,0.3278167,5.1792645
5.232987115E0,-0.9870393,-0.421735,12.087343
5.237825240E0,0.14596218,-0.09092726,10.584651
5.242649876E0,-0.16749759,0.11545369,10.604392
5.247474511E0,0.07956135,0.1477568,9.010772
5.252299198E0,1.183849,0.35832518,6.285347
5.257123834E0,-1.0707881,-0.47138608,12.384652
5.261935084E0,-0.6442675,-0.46181476,11.977872
5.266773157E0,0.24885355,0.36011982,9.390633
5.271597844E0,0.8207382,0.26081768,7.864012
5.276422480E0,-0.2883351,0.021535404,10.164112
5.281247115E0,-0.15732808,-0.18664017,10.519446
5.286071803E0,0.41515473,0.0,7.870592
5.290883001E0,-0.5096712,-0.15254244,11.1936245
5.295721126E0,0.29491538,0.21296121,10.313066
5.300545761E0,-0.26739794,5.9820566E-4,10.331012
5.305370448E0,-0.08315059,-0.09451649,10.222736
5.310195084E0,1.0127622,0.32004002,5.5633125
5.315019719E0,-1.0725827,-0.4648058,12.207582
5.319830969E0,-0.20697916,-0.10767702,12.101701
5.324669042E0,-0.0041874396,0.20937198,10.53141
5.329493730E0,1.0977074,0.35413775,5.4095736
5.334304928E0,-0.799801,-0.32841492,11.564512
5.339143053E0,-0.15433706,-0.26679972,10.911271
5.343967688E0,-0.0011964113,0.05742774,9.643674
5.348792323E0,0.38464624,0.25663024,9.229715
5.353617011E0,-0.07836494,0.06819545,10.003794
5.358441646E0,0.34396824,0.09092726,8.294122
5.363252896E0,-0.6227321,-0.40677986,11.206785
5.368090969E0,-0.10887343,-0.12083755,10.979466
5.372915657E0,0.28295127,0.2440679,8.215158
5.377726855E0,0.7322037,0.3367898,8.431708
5.382564980E0,-0.50787663,-0.14955142,10.925629
5.387389615E0,-0.6221339,-0.40259242,11.264213
5.392214251E0,-0.076570325,-0.07716853,10.811969
5.397038938E0,0.59700924,0.26620153,7.0815587
5.401863573E0,0.42711884,0.1896312,9.257233
5.406674823E0,-0.3684947,0.036490545,12.080763
5.411512896E0,-0.7710871,-0.49172506,10.829317
5.416337584E0,0.65264237,0.19202402,7.381858
5.421162219E0,-0.30209386,-0.14117654,10.837692
5.425986855E0,0.2644069,0.16271193,9.737592
5.430811542E0,-0.14656039,0.1369891,10.316655
5.435622740E0,0.63828546,0.19621146,7.4105716
5.440460865E0,-0.7178468,-0.42592242,11.274981
5.445285501E0,-0.15553348,-0.1692922,11.132607
5.450110188E0,0.035294134,0.12562318,9.375677
5.454934823E0,0.58564335,0.3068795,8.715259
5.459759511E0,-0.2542374,-0.0029910284,10.24487
5.464584146E0,-0.13160525,-0.15613168,10.232307
5.469408782E0,0.40618163,0.008973085,7.8849487
5.474233469E0,-0.5096712,-0.18125631,11.251052
5.479058105E0,0.29012975,0.21774685,10.313066
5.483882792E0,-0.28713873,-0.013160525,10.316655
5.488707428E0,-0.101694964,-0.0951147,10.256236
5.493518626E0,0.9804591,0.30508488,5.697909
5.498356751E0,-1.0396814,-0.44506502,12.096915
5.503181386E0,-0.03589234,-0.026919255,11.8899355
5.508006073E0,-0.13399807,0.13938192,10.570294
5.512830709E0,0.7088737,0.21595225,6.821339
5.517655396E0,0.11784652,0.051445685,8.679366
5.522466594E0,-0.6879365,-0.45583272,11.4083805
5.527304719E0,0.09810573,0.05802595,10.87837
5.532129355E0,-0.15493527,0.08853444,10.460224
5.536953990E0,0.017347964,0.062213387,9.5665045
5.541778678E0,1.1670992,0.40438703,5.577071
5.546603313E0,-1.1497513,-0.5204389,12.183655
5.551414563E0,-0.3912265,-0.31405798,12.115459
5.556252636E0,0.08135597,0.25184458,10.420743
5.561077323E0,0.637089,0.24586253,7.2293153
5.565888521E0,0.6406783,0.29012975,7.986644
5.570726646E0,-0.8955139,-0.4953143,11.300105
5.575551282E0,-0.14536397,-0.1794617,11.209178
5.580375917E0,-0.16689938,0.02871387,10.756336
5.585200605E0,-0.031106694,0.09272188,9.926624
5.590025240E0,1.0109676,0.4139583,6.652047
5.594836438E0,-0.6999006,-0.27218357,11.026725
5.599674563E0,-0.22552353,-0.28594232,11.012368
5.604499198E0,0.33439696,0.081954174,8.260622
5.609323886E0,0.1471586,0.18005991,9.969097
5.614148521E0,0.038285162,0.15194423,10.079765
5.618973209E0,-0.3900301,-0.17228323,10.694122
5.623797844E0,-0.18723837,-0.21415763,10.433305
5.628622532E0,0.9343972,0.32303107,6.278168
5.633447167E0,-0.6855437,-0.1902294,11.349157
5.638258365E0,-0.11006984,0.06281159,12.025728
5.643096490E0,-0.3367898,-0.07298109,10.65165
5.647921126E0,1.1617154,0.3188436,5.111667
5.652732376E0,-1.0055838,-0.41754755,12.154343
5.657570448E0,0.17407785,-0.076570325,10.53141
5.662395136E0,-0.17766708,0.111266255,10.580463
5.667219771E0,0.052043892,0.12801601,9.131609
5.672044459E0,1.1629118,0.35114673,6.1232333
5.676869094E0,-1.1048858,-0.48993045,12.365509
5.681680292E0,-0.6047859,-0.43968117,12.054442
5.686518417E0,0.21655045,0.34456646,9.553345
5.691343053E0,0.84765744,0.26739794,7.6534433
5.696167740E0,-0.32123643,-0.0029910284,10.259826
5.700992376E0,-0.050847482,-0.17527425,10.197612
5.705817063E0,0.13100705,-0.09092726,8.725428
5.710641698E0,-0.28594232,-0.07178468,10.9579315
5.715466386E0,0.15553348,0.19561325,10.290334
5.720291021E0,-0.1585245,0.04426722,10.153345
5.725102219E0,0.738784,0.22432712,6.906883
5.729940344E0,-0.8249256,-0.44207397,11.606386
5.734764980E0,-0.02751746,-0.111864455,10.964512
5.739589667E0,-0.07537391,0.13220344,9.783653
5.744414303E0,0.59282184,0.31405798,8.475976
5.749238990E0,-0.17647067,-0.03888337,9.917053
5.754063626E0,0.02871387,-0.13100705,9.516854
5.758888261E0,-0.42711884,-0.29252258,10.956735
5.763712948E0,0.22851457,0.10767702,9.110074
5.768537584E0,0.40498522,0.28414768,9.301499
5.773362271E0,-0.20219351,0.020937199,10.153345
5.778186907E0,-0.3272185,-0.23569304,10.822139
5.783011594E0,0.06999006,-0.1058824,9.315259
5.787836230E0,0.15613168,0.026919255,8.702696
5.792660865E0,0.1680958,0.15433706,10.146166
5.797485553E0,-0.03708875,0.15613168,10.2107725
5.802310188E0,-0.357727,-0.19561325,10.6408825
5.807134876E0,-0.2009971,-0.20518455,10.50509
5.811946073E0,0.8775677,0.2847459,6.393622
5.816784198E0,-0.5820541,-0.17048861,11.199008
5.821608834E0,0.0029910284,0.1160519,11.79542
5.826433521E0,-0.4534399,-0.14177474,10.5900345
5.831258157E0,0.8919246,0.2219343,6.478567
5.836082792E0,-0.6837491,-0.27337998,11.151152
5.840907480E0,0.020338992,-0.12203395,10.513465
5.845732115E0,0.036490545,0.20578274,9.42473
5.850556803E0,0.7585248,0.36251262,8.178069
5.855381438E0,-0.5509474,-0.25004998,10.580463
5.860206126E0,-0.32961133,-0.2757728,11.080564
5.865030761E0,-0.17108682,-0.13040884,10.5487585
5.869841959E0,0.6119644,0.2847459,7.1246295
5.874680084E0,0.41515473,0.26859435,9.382855
5.879504719E0,-0.5132605,-0.05682954,12.555738
5.884329407E0,-0.7298109,-0.51445687,10.689337
5.889154042E0,0.88354975,0.3074777,6.465407
5.893978730E0,-0.42592242,-0.14057833,11.346765
5.898803365E0,0.32303107,0.21355942,9.766306
5.903628001E0,-0.32662028,0.017347964,10.595419
5.908452688E0,-0.08853444,-0.13220344,10.179068
5.913263886E0,0.9667004,0.30029923,5.712864
5.918102011E0,-1.0534402,-0.4408776,12.164512
5.922926646E0,-0.19202402,-0.07477571,12.106486
5.927751334E0,-0.029312078,0.2009971,10.460224
5.932575969E0,1.0833504,0.3397808,5.4095736
5.937400605E0,-0.8428718,-0.34217364,11.574083
5.942225292E0,-0.12502499,-0.25782663,10.9352
5.947049928E0,-0.07477571,0.04546363,9.940982
5.951874615E0,0.39182472,0.26799613,9.008977
5.956699251E0,0.31764722,0.18484555,8.865408
5.961523938E0,-0.45164528,-0.22971097,10.814362
5.966348573E0,0.005383851,-0.1698904,9.626924
5.971173261E0,-0.096909314,-0.066400826,9.777073
5.975997896E0,0.20039889,0.1692922,10.040284
5.980822532E0,-0.071186475,0.14297116,10.148559
5.985647219E0,0.0035892338,-0.02871387,9.714262
5.990471855E0,0.57188463,0.13339986,7.152147
5.995296542E0,-0.8703892,-0.4438686,11.812767
6.000121178E0,0.25004998,0.124426775,10.700703
6.004945865E0,-0.1896312,0.061016977,10.402797
6.009770501E0,-0.08255238,-0.018544376,10.161121
6.014581698E0,0.9212367,0.3074777,5.9671016
6.019419823E0,-0.9696914,-0.4534399,11.938391
6.024244459E0,0.17228323,-0.050847482,10.785648
6.029069146E0,-0.2015953,0.10229317,10.542178
6.033893782E0,0.106480606,0.15433706,8.8289175
6.038718469E0,1.1700903,0.36251262,6.352944
6.043529667E0,-1.0731809,-0.4642076,12.629318
6.048367792E0,-0.70289165,-0.48873404,11.882159
6.053192428E0,0.3589234,0.4121637,8.881559
6.058003626E0,0.89730847,0.2847459,7.8017983
6.062841751E0,-0.41754755,-0.010767702,10.207782
6.067666386E0,-0.31046873,-0.25722843,11.06142
6.072491073E0,-0.22013968,-0.22432712,10.548161
6.077315709E0,0.7435696,0.30987054,6.836294
6.082140396E0,-0.08015956,0.07956135,10.320244
6.086951594E0,-0.21415763,0.06699903,12.170494
6.091789667E0,-0.6622137,-0.38644084,10.622936
6.096614355E0,0.9846465,0.27696922,6.11426
6.101425553E0,-0.72502524,-0.26021945,11.765509
6.106263678E0,0.30508488,0.116650105,10.009775
6.111088313E0,-0.21655045,0.10707881,10.513465
6.115913001E0,0.16630118,0.04127619,9.181859
6.120737636E0,0.7680961,0.22313072,6.532406
6.125562271E0,-1.0462617,-0.5341976,12.043674
6.130373521E0,-0.19800608,-0.10229317,12.02513
6.135211594E0,-0.0,0.20458634,10.521839
6.140036282E0,0.6263213,0.2321038,7.147959
6.144847480E0,0.465404,0.21774685,7.838887
6.149685605E0,-0.90807617,-0.5401797,11.548959
6.154510240E0,-0.041874398,-0.054436713,11.377274
6.159334928E0,-0.13519448,0.09212367,10.54158
6.164159563E0,-0.023928227,0.07058827,9.744172
6.168984198E0,1.1790633,0.4354937,5.76431
6.173795448E0,-1.0211371,-0.44985065,11.589038
6.178633521E0,-0.068793654,-0.20458634,11.246266
6.183458209E0,-0.15373886,0.04426722,10.603195
6.188282844E0,-0.03708875,0.1274178,9.764511
6.193107532E0,1.0492527,0.39900318,6.675377
6.197932167E0,-0.7710871,-0.30987054,11.079966
6.202743365E0,-0.19561325,-0.28713873,11.107483
6.207581490E0,-0.06999006,-0.02632105,10.002597
6.212406126E0,0.32063824,0.22492532,8.669196
6.217230813E0,0.63828546,0.3260221,8.633304
6.222055448E0,-0.5916254,-0.20817557,10.729417
6.226880136E0,-0.30329028,-0.27936205,10.902896
6.231704771E0,-0.20817557,-0.14536397,10.654641
6.236529459E0,0.69212395,0.29970104,6.9469624
6.241354094E0,0.29671,0.21595225,9.5557375
6.246165292E0,-0.503091,-0.062213387,12.60838
6.251003417E0,-0.68195444,-0.4863412,10.689337
6.255828053E0,1.0031909,0.33020952,5.9760747
6.260639303E0,-0.5389833,-0.16570297,11.596815
6.265477376E0,0.37567315,0.20338993,9.780065
6.270302063E0,-0.36909288,-0.0017946169,10.667203
6.275126698E0,-0.09750752,-0.14237295,10.261022
6.279951334E0,0.8003992,0.21475583,6.3888364
6.284776021E0,-0.8739785,-0.3493521,11.837892
6.289600657E0,0.39960137,0.15493527,10.330414
6.294425344E0,-0.30867413,0.05682954,10.466207
6.299249980E0,-0.09272188,-0.06580263,10.175478
6.304061230E0,0.77347994,0.20817557,6.6041903
6.308899303E0,-0.8895318,-0.38165522,11.770294
6.313723990E0,0.20877378,0.0029910284,10.555937
6.318548626E0,-0.18843478,0.14117654,10.393824
6.323373261E0,0.39421752,0.22671995,8.376674
6.328197948E0,0.52941203,0.16689938,7.6031938
6.333009146E0,-0.8679964,-0.4941179,11.6351
6.337847271E0,0.016749758,-0.061016977,11.017154
6.342671907E0,-0.13998012,0.07776674,10.545768
6.347496594E0,-5.9820566E-4,0.104087785,9.6682
6.352321230E0,1.1569297,0.41994038,5.9324055
6.357145865E0,-1.026521,-0.45403808,11.56511
6.361957115E0,-0.08315059,-0.21415763,11.280364
6.366795188E0,-0.14895321,0.049052864,10.59841
6.371619876E0,-0.06699903,0.10468599,10.147961
6.376431073E0,0.8889336,0.3696911,6.897311
6.381269198E0,-0.6041877,-0.24825534,10.949556
6.386093834E0,0.0634098,-0.16630118,9.640682
6.390918469E0,-0.23629123,-0.13579269,10.692926
6.395743157E0,0.17527425,0.21894327,9.399008
6.400567792E0,0.5802595,0.317049,8.638688
6.405392480E0,-0.46899325,-0.17407785,10.470394
6.410217115E0,-0.30269206,-0.27936205,10.93161
6.415041803E0,0.25124636,0.012562319,8.6345005
6.419866438E0,-0.050847482,0.021535404,10.410573
6.424691126E0,0.13938192,0.212363,10.083953
6.429515761E0,-0.19142582,0.010169496,10.244272
6.434326959E0,0.8757731,0.2434697,6.259026
6.439165084E0,-1.018146,-0.5198407,11.976077
6.443989719E0,0.15672988,0.022731815,11.016556
6.448814407E0,-0.14117654,0.093918286,10.383654
6.453639042E0,-0.09092726,0.018544376,10.247861
6.458463730E0,0.8213364,0.27936205,6.533004
6.463274928E0,-0.7962117,-0.3900301,11.544173
6.468113001E0,-0.0029910284,-0.16630118,10.647463
6.472937688E0,0.17706887,0.18364914,8.689535
6.477762323E0,0.63529444,0.357727,8.777472
6.482587011E0,-0.39661035,-0.10827523,10.445868
6.487411646E0,-0.3924229,-0.27936205,11.02852
6.492236334E0,-0.22253251,-0.1788635,10.721042
6.497060969E0,0.61675006,0.27038896,7.1431737
6.501885605E0,0.23988047,0.14895321,9.723235
6.506696855E0,-0.22253251,0.071186475,11.782857
6.511534928E0,-0.7328019,-0.43968117,10.767104
6.516359615E0,0.55453664,0.14656039,7.765308
6.521184251E0,-0.116650105,-0.08015956,9.729217
6.526008938E0,0.24227329,0.1274178,9.943375
6.530833573E0,-0.09750752,0.13998012,10.426724
6.535658261E0,-0.23030917,-0.13280165,10.377073
6.540482896E0,0.2009971,-0.07537391,8.949755
6.545307532E0,0.068793654,-0.01375873,8.626125
6.550132219E0,-0.18185452,-0.05682954,10.789237
6.554956855E0,0.19441684,0.22372891,10.285548
6.559781542E0,-0.32063824,-0.084346995,10.374083
6.564606178E0,-0.13519448,-0.14237295,10.328021
6.569430865E0,0.8757731,0.25782663,6.230312
6.574255501E0,-0.846461,-0.33439696,11.712867
6.579066698E0,0.26979074,0.13339986,11.19841
6.583904823E0,-0.3481557,-0.0041874396,10.417751
6.588729459E0,-0.01375873,-0.035294134,9.455837
6.593540709E0,1.1270195,0.35832518,5.428716
6.598378782E0,-1.0396814,-0.45942193,12.580863
6.603203469E0,-0.5240282,-0.30508488,12.2991085
6.608028105E0,0.26979074,0.4211368,9.495916
6.612852740E0,1.3334004,0.39900318,5.460421
6.617677428E0,-1.0085747,-0.3714857,11.364711
6.622488626E0,-0.2865405,-0.3152544,11.616556
6.627326751E0,-0.12801601,0.0041874396,10.817951
6.632151386E0,-0.08015956,0.11306087,9.826724
6.636962636E0,1.0013963,0.40977088,7.0785675
6.641800709E0,-0.55334026,-0.15613168,10.696515
6.646625396E0,-0.12562318,-0.21894327,10.3848505
6.651450032E0,0.19322042,-0.025124637,8.663215
6.656274667E0,-0.020937199,0.08673982,10.482358
6.661099355E0,0.106480606,0.18783657,10.195219
6.665923990E0,-0.27756742,-0.093918286,10.363914
6.670748678E0,0.22492532,-0.061615184,8.959326
6.675573313E0,0.1058824,-0.022731815,8.549556
6.680384563E0,-0.31944183,-0.119042926,10.995618
6.685222636E0,0.23748764,0.21834506,10.3136635
6.690047323E0,-0.2865405,-0.03708875,10.374083
6.694871959E0,-0.106480606,-0.11365908,10.275378
6.699696594E0,0.99900347,0.32482567,5.615955
6.704521282E0,-1.0205388,-0.421735,12.120843
6.709332480E0,-0.111864455,-0.036490545,11.9718895
6.714170605E0,-0.10049855,0.15792629,10.570294
6.718995240E0,0.9816555,0.32303107,5.770292
6.723806438E0,-0.73818576,-0.32362926,11.525628
6.728644563E0,-0.021535404,-0.19980069,10.273584
6.733469198E0,0.0634098,0.06819545,9.4229355
6.738293886E0,0.37746778,0.28773692,9.436096
6.743118521E0,-0.2015953,0.015553347,10.205987
6.747943209E0,-0.23808585,-0.18245272,10.61157
6.752754407E0,0.75553375,0.16390835,6.762117
6.757592532E0,-0.8315059,-0.32004002,11.727223
6.762417167E0,0.42053857,0.21595225,10.398011
6.767241855E0,-0.3385844,-0.01794617,10.403395
6.772066490E0,-0.12023934,-0.09990034,10.323833
6.776891126E0,0.59282184,0.1363909,7.3196445
6.781702376E0,-0.7106683,-0.3182454,11.414961
6.786540448E0,0.20518455,0.030508488,10.182656
6.791365136E0,0.046061836,0.22492532,9.400802
6.796176334E0,0.7477571,0.32063824,7.683952
6.801014459E0,-0.7052845,-0.36191443,11.035698
6.805839094E0,-0.2757728,-0.23030917,11.176276
6.810663730E0,-0.1692922,-0.06520442,10.664212
6.815488417E0,0.5557331,0.31764722,7.1970124
6.820313053E0,0.63828546,0.2973082,8.671589
6.825124303E0,-0.67477596,-0.18604197,12.833904
6.829962376E0,-0.82971126,-0.60059845,10.886147
6.834787063E0,0.8997013,0.3822534,6.5425754
6.839611698E0,-0.076570325,-0.010169496,10.731212
6.844436334E0,0.24047868,0.23449662,9.657433
6.849261021E0,-0.45044887,-0.14476576,10.872388
6.854085657E0,-0.18305093,-0.22313072,10.399805
6.858910344E0,0.22013968,0.019740786,8.409575
6.863734980E0,-0.2117648,-0.10348958,10.73181
6.868559667E0,0.2117648,0.19142582,9.724431
6.873384303E0,0.26679972,0.25543383,8.971889
6.878208990E0,-0.31764722,-0.19800608,10.34836
6.883020188E0,0.36670008,-0.013160525,8.292925
6.887858261E0,-0.6053841,-0.26620153,11.318649
6.892682948E0,0.22851457,0.15134603,10.432707
6.897507584E0,-0.17108682,0.08554341,10.297512
6.902332271E0,0.35533416,0.14656039,8.385647
6.907156907E0,0.317049,0.05623133,8.021339
6.911968105E0,-0.75254273,-0.4336991,11.648859
6.916806230E0,0.16390835,0.0634098,10.753345
6.921630917E0,-0.17407785,0.09810573,10.43151
6.926455553E0,-0.010767702,0.05682954,9.667602
6.931280240E0,1.180858,0.4001996,5.495117
6.936104876E0,-1.16351,-0.5455636,12.298511
6.940916073E0,-0.41934216,-0.30029923,12.149557
6.945754198E0,0.09332009,0.27816564,10.18146
6.950578834E0,0.77647096,0.27696922,7.256833
6.955403521E0,0.08853444,0.09092726,9.029915
6.960228157E0,-0.56111693,-0.38344982,11.148759
6.965052792E0,-0.17766708,-0.20518455,10.926227
6.969864042E0,0.30149564,0.19142582,8.209774
6.974702115E0,0.5605187,0.2656033,9.089137
6.979526803E0,-0.25902304,0.020937199,10.182656
6.984338001E0,-0.4833502,-0.3080759,11.115259
6.989176126E0,-0.20458634,-0.19680966,10.6349
6.994000761E0,0.14416756,0.08733802,8.832506
6.998825448E0,0.44147578,0.17048861,9.262018
7.003650084E0,-0.08255238,0.15433706,9.966106
7.008474719E0,-0.2739782,-0.10767702,10.751551
7.013285969E0,0.58265233,0.060418773,7.3381886
7.018124042E0,-0.7615158,-0.32422748,11.563913
7.022948730E0,0.22492532,0.111864455,10.576276
7.027773365E0,-0.13758731,0.109471634,10.24487
7.032598053E0,0.360718,0.16091733,8.400003
7.037422688E0,0.38763726,0.08075777,7.8813596
7.042233886E0,-0.8009974,-0.47138608,11.639288
7.047072011E0,0.12622139,0.019740786,10.892129
7.051896646E0,-0.15493527,0.09332009,10.445868
7.056721334E0,0.0077766734,0.06699903,9.595817
7.061545969E0,1.1916257,0.39900318,5.633901
7.066370657E0,-1.1419746,-0.5192425,12.035299
7.071181855E0,-0.37208393,-0.2955136,12.101102
7.076019980E0,0.05383851,0.21774685,10.588839
7.080844615E0,0.509073,0.23509483,6.996015
7.085655813E0,0.9499506,0.38524446,7.6773715
7.090493938E0,-1.052842,-0.43669012,13.156337
7.095318573E0,-0.72023964,-0.552742,11.196615
7.100129823E0,0.5802595,0.4229314,7.600203
7.104967896E0,0.65982085,0.21834506,8.9724865
7.109792584E0,-0.20518455,0.086141616,9.803992
7.114603782E0,-0.46181476,-0.27158538,11.249257
7.119441907E0,-0.23868406,-0.253041,10.605588
7.124266542E0,-0.10109676,-0.014356935,9.777672
7.129077740E0,0.45224348,0.17347965,8.485547
7.133915865E0,0.5491528,0.33918262,8.835498
7.138740501E0,-0.54317075,-0.15672988,10.748559
7.143565188E0,-0.2853441,-0.28295127,10.768898
7.148389823E0,-0.16390835,-0.12801601,10.323833
7.153214511E0,0.5240282,0.21535404,7.493124
7.158039146E0,0.38344982,0.26261228,9.570094
7.162863834E0,-0.41156548,-0.016151553,12.12862
7.167688469E0,-0.68255264,-0.46181476,10.603195
7.172499667E0,0.62871414,0.19142582,7.420143
7.177337792E0,-0.36191443,-0.15732808,11.091929
7.182162428E0,0.25962126,0.16749759,9.708878
7.186987115E0,0.0071784677,0.18783657,9.836296
7.191811751E0,0.46002015,0.14117654,7.9011
7.196636438E0,-0.6753742,-0.42532423,11.202
7.201461073E0,-0.17527425,-0.17347965,11.108679
7.206285709E0,0.26021945,0.18544376,8.420342
7.211110396E0,0.6155536,0.3152544,8.820542
7.215935032E0,-0.32542387,-0.036490545,10.316655
7.220759719E0,-0.4354937,-0.27996024,11.076974
7.225584355E0,-0.20877378,-0.19740787,10.687542
7.230395553E0,0.40677986,0.18065812,7.7910304
7.235233678E0,0.36789647,0.17766708,9.54497
7.240058365E0,-0.0735793,0.13998012,9.966106
7.244869563E0,-0.49232325,-0.26081768,11.115857
7.249707636E0,-0.21535404,-0.21415763,10.491331
7.254532323E0,0.20757736,0.07058827,8.548957
7.259356959E0,0.15074782,0.066400826,9.987043
7.264181646E0,0.07058827,0.19561325,9.912268
7.269006282E0,-0.21774685,-0.020338992,10.521839
7.273817532E0,0.79142606,0.1902294,6.4791656
7.278655605E0,-0.9607183,-0.47198427,11.904293
7.283480240E0,0.20338993,0.047258247,10.89153
7.288304928E0,-0.15134603,0.09930214,10.331012
7.293129563E0,-0.05383851,0.029312078,10.103694
7.297954251E0,0.9882358,0.34097722,5.8947186
7.302765448E0,-1.0049855,-0.4755735,11.8283205
7.307603573E0,0.10229317,-0.11365908,11.010573
7.312428209E0,-0.18305093,0.09750752,10.512866
7.317252896E0,0.038285162,0.15134603,9.189037
7.322077532E0,1.2215359,0.39780676,6.180063
7.326902167E0,-1.0570294,-0.45164528,11.848062
7.331713417E0,-0.51864433,-0.38763726,11.991631
7.336551490E0,0.06759724,0.18424734,10.593026
7.341376178E0,0.5886344,0.22671995,6.803393
7.346187376E0,0.8679964,0.38165522,8.100303
7.351025501E0,-0.9774681,-0.34456646,13.352549
7.355850136E0,-0.7328019,-0.5832505,10.9375925
7.360661334E0,0.7812566,0.39720857,6.649056
7.365499459E0,0.26261228,0.116650105,10.086944
7.370324094E0,0.04007978,0.1692922,9.77827
7.375135344E0,-0.55453664,-0.24586253,11.135598
7.379973417E0,-0.19142582,-0.2105684,10.5385895
7.384798105E0,-0.037686955,-0.020937199,9.442079
7.389622740E0,0.31106696,0.11066805,8.749356
7.394447428E0,0.51864433,0.33140594,9.142975
7.399272063E0,-0.4235296,-0.0424726,10.542776
7.404096698E0,-0.28175488,-0.26739794,10.649257
7.408921386E0,-0.16510476,-0.17467605,10.261022
7.413746021E0,0.64606214,0.2321038,7.176075
7.418570709E0,-0.01375873,0.10827523,10.233504
7.423395344E0,-0.3044867,0.034097724,12.22852
7.428220032E0,-0.5563313,-0.32123643,10.60858
7.433031230E0,1.0211371,0.29252258,5.92762
7.437869355E0,-0.8009974,-0.29850462,11.913864
7.442693990E0,0.3056831,0.096909314,10.076775
7.447518626E0,-0.22612174,0.111864455,10.523036
7.452343313E0,0.15672988,0.07477571,9.158528
7.457167948E0,0.86261255,0.27098715,6.350551
7.461979198E0,-1.0977074,-0.5401797,12.202199
7.466817271E0,-0.3182454,-0.17288144,12.092728
7.471641959E0,0.06999006,0.2440679,10.310673
7.476453157E0,0.9086744,0.31106696,6.5659056
7.481291282E0,-0.3696911,-0.116650105,10.331012
7.486115917E0,-0.29910284,-0.3074777,10.85504
7.490927115E0,0.30269206,0.013160525,8.5525465
7.495765240E0,0.011365907,0.12143575,10.300504
7.500589876E0,0.086141616,0.16091733,10.093524
7.505414563E0,-0.32422748,-0.123828575,10.545768
7.510239198E0,0.049052864,-0.11784652,9.598209
7.515063886E0,0.6011967,0.18065812,7.1377897
7.519875084E0,-0.5808577,-0.19082761,11.300105
7.524713157E0,-0.07776674,0.101694964,11.882159
7.529537844E0,-0.3044867,-0.07178468,10.522438
7.534349042E0,0.9182457,0.2632105,6.157929
7.539187167E0,-0.8129615,-0.33918262,11.703296
7.544011803E0,0.11545369,-0.10348958,9.961321
7.548836490E0,0.0735793,0.16869399,9.787841
7.553661126E0,0.293719,0.25244278,9.216555
7.558485813E0,-0.13878371,-0.07716853,9.926026
7.563310448E0,0.18005991,-0.04965107,8.768498
7.568135084E0,-0.5491528,-0.32303107,11.254642
7.572959771E0,0.06699903,0.046061836,10.663016
7.577784407E0,0.051445685,0.20518455,8.997611
7.582609094E0,1.0307083,0.39481574,7.1599236
7.587433730E0,-0.8572287,-0.3906283,11.218749
7.592244980E0,-0.43070808,-0.30388847,11.565708
7.597083053E0,-0.047258247,-0.0059820567,10.774282
7.601907740E0,0.05742774,0.16510476,8.729017
7.606718938E0,1.1892328,0.42592242,7.1677003
7.611557011E0,-0.7543373,-0.20697916,10.750354
7.616381698E0,-0.34636107,-0.317049,11.3778715
7.621206334E0,-0.17826529,-0.11306087,10.735997
7.626031021E0,-0.08135597,0.10468599,9.711869
7.630855657E0,0.8153543,0.32482567,8.138588
7.635680344E0,-0.22911277,0.023928227,9.870394
7.640504980E0,0.02213361,-0.11964113,9.799207
7.645329615E0,-0.30987054,-0.2632105,10.26162
7.650154303E0,0.035294134,0.0059820567,9.987641
7.654978938E0,0.25543383,0.22432712,9.719048
7.659803626E0,-0.09212367,0.10109676,10.0468645
7.664614823E0,0.42771706,0.10229317,8.059027
7.669452948E0,-0.6652047,-0.40259242,11.2552395
7.674277584E0,-0.109471634,-0.13459627,10.921441
7.679088834E0,0.3056831,0.22552353,8.133204
7.683926907E0,0.66759753,0.34456646,8.685946
7.688751542E0,-0.46899325,-0.12083755,10.872986
7.693562792E0,-0.60837513,-0.38823548,11.202
7.698400865E0,-0.09571291,-0.09571291,10.826326
7.703225553E0,0.69571316,0.28713873,6.8315086
7.708050188E0,0.25722843,0.14536397,9.546165
7.712874876E0,-0.39960137,0.014955142,12.339189
7.717699511E0,-0.69930243,-0.44506502,10.809576
7.722510709E0,1.0073783,0.2973082,5.9754763
7.727348834E0,-0.6723832,-0.22731815,11.769696
7.732173521E0,0.33320054,0.15553348,9.9140625
7.736998157E0,-0.2644069,0.078963146,10.542776
7.741822792E0,0.012562319,-0.033499517,9.70469
7.746647480E0,0.9726824,0.31286156,5.8468623
7.751458678E0,-1.1048858,-0.5132605,12.374482
7.756296803E0,-0.36490545,-0.17826529,12.207582
7.761121438E0,0.13040884,0.3074777,10.032507
7.765932636E0,1.1922239,0.38344982,5.67757
7.770770761E0,-0.8362915,-0.30149564,11.267802
7.775595396E0,-0.18125631,-0.29671,11.093125
7.780420084E0,-0.18723837,-0.08973085,10.802996
7.785244719E0,0.4528417,0.31166515,7.451848
7.790069407E0,0.74117684,0.30329028,8.435896
7.794880605E0,-0.6622137,-0.16570297,12.65205
7.799718730E0,-0.8380861,-0.5922236,10.972288
7.804543365E0,0.7752745,0.34097722,7.051648
7.809368053E0,-0.020937199,-0.008973085,10.563115
7.814192688E0,0.18783657,0.22552353,9.671789
7.819017323E0,-0.35533416,-0.08315059,10.742578
7.823842011E0,-0.16450655,-0.1896312,10.337592
7.828666646E0,0.8811569,0.26739794,6.2638116
7.833491334E0,-0.80817586,-0.27218357,11.651252
7.838302532E0,0.04546363,0.08733802,11.765509
7.843140657E0,-0.31405798,-0.009571291,10.460822
7.847965292E0,0.8129615,0.22073789,6.7094746
7.852789928E0,-0.38165522,-0.15732808,10.13839
7.857614615E0,-0.24047868,-0.25124636,10.888539
7.862439251E0,0.0526421,0.10827523,10.601999
7.867263938E0,-0.06819545,0.1585245,9.54497
7.872088573E0,1.0157533,0.360718,6.704091
7.876913261E0,-0.94695956,-0.43848476,11.353944
7.881724459E0,-0.17347965,-0.21834506,11.324632
7.886562584E0,-0.13459627,0.020338992,10.636097
7.891387219E0,-0.034695927,0.148355,9.558728
7.896198417E0,1.1036894,0.40677986,6.8189464
7.901036542E0,-0.76331043,-0.2943172,10.945967
7.905861178E0,-0.25244278,-0.27756742,11.180464
7.910685865E0,-0.17108682,-0.101694964,10.520643
7.915510501E0,0.5276174,0.2835495,7.340582
7.920335188E0,0.6364908,0.31405798,8.911469
7.925146386E0,-0.6197411,-0.15074782,12.585051
7.929984511E0,-0.7680961,-0.5479564,10.761122
7.934809146E0,0.75493556,0.3080759,7.0133634
7.939633834E0,-0.17168503,-0.06759724,10.894522
7.944458469E0,0.24526432,0.22013968,9.699904
7.949283105E0,-0.32183465,-0.025722843,10.652248
7.954107792E0,0.07298109,-0.10887343,9.607781
7.958932428E0,0.66999036,0.20279172,6.7728844
7.963757115E0,-0.82672024,-0.33918262,11.751152
7.968568313E0,-0.031106694,0.064008005,11.823535
7.973406386E0,-0.19381863,0.0317049,10.469197
7.978231073E0,0.81655073,0.23150559,6.5515485
7.983055709E0,-0.3906283,-0.15792629,10.196416
7.987880396E0,-0.30269206,-0.27996024,10.955539
7.992705032E0,-0.0047856453,0.05623133,10.688141
7.997529719E0,0.06819545,0.2219343,8.748757
8.002354355E0,1.0785648,0.38464624,7.149754
8.007179042E0,-0.927817,-0.4001996,11.794821
8.011990240E0,-0.66041905,-0.4552345,11.772089
8.016828365E0,0.09272188,0.17288144,10.262218
8.021653001E0,0.587438,0.21355942,7.1766734
8.026464198E0,0.8033902,0.39421752,8.335996
8.031302323E0,-0.8578269,-0.30329028,12.872787
8.036126959E0,-0.71007013,-0.55393845,10.803595
8.040938209E0,0.6011967,0.30029923,7.484151
8.045776282E0,0.11066805,0.030508488,10.289138
8.050600969E0,0.13998012,0.21655045,9.6580305
8.055425605E0,-0.3361916,-0.0735793,10.733006
8.060250292E0,-0.058624156,-0.17228323,9.909875
8.065074928E0,0.74117684,0.24526432,6.6765733
8.069886126E0,-0.7375876,-0.26261228,11.535798
8.074724251E0,-0.11006984,0.05802595,12.020943
8.079548886E0,-0.2321038,0.008374879,10.503295
8.084360136E0,1.0923235,0.3068795,5.3706903
8.089198209E0,-0.95473623,-0.40618163,11.938391
8.094022896E0,0.055633128,-0.15314065,10.733006
8.098847532E0,-0.15074782,0.11784652,10.35494
8.103672219E0,0.37328035,0.27756742,8.563912
8.108496855E0,0.6891329,0.25064817,7.611569
8.113308053E0,-0.8847462,-0.4438686,11.353345
8.118146178E0,-0.14596218,-0.18424734,11.179866
8.122970813E0,-0.15792629,0.014955142,10.694122
8.127795501E0,0.08853444,0.17706887,8.906086
8.132620136E0,1.2179468,0.42532423,6.7166533
8.137444823E0,-0.91884387,-0.3469593,11.196017
8.142256021E0,-0.41515473,-0.32841492,11.656037
8.147094146E0,-0.08554341,-0.015553347,10.807781
8.151918782E0,0.15014961,0.18664017,8.407183
8.156729980E0,1.1485549,0.40498522,7.44108
8.161568105E0,-0.7106683,-0.16510476,10.759925
8.166392740E0,-0.47916272,-0.3499503,11.513066
8.171217428E0,-0.13938192,-0.09990034,10.788041
8.176042063E0,0.1052842,0.14057833,8.771489
8.180866751E0,0.88295156,0.33320054,8.185846
8.185691386E0,-0.40737805,-0.0011964113,10.212567
8.190516073E0,-0.33439696,-0.24765715,11.100305
8.195340709E0,-0.23389842,-0.22971097,10.596615
8.200151907E0,0.8703892,0.3397808,6.5665035
8.204990032E0,-0.23629123,0.026919255,10.546366
8.209814667E0,-0.23748764,0.0526421,12.223136
8.214639355E0,-0.5982057,-0.317049,10.695319
8.219463990E0,1.1970096,0.33559337,5.264808
8.224288678E0,-0.91405827,-0.33738798,12.096915
8.229113313E0,0.41156548,0.124426775,10.089935
8.233938001E0,-0.2973082,0.083748795,10.581061
8.238762636E0,-0.08793623,-0.051445685,10.18505
8.243573886E0,0.634098,0.1477568,7.0654073
8.248411959E0,-0.7902297,-0.35234314,11.592628
8.253236646E0,0.1363909,-0.0526421,10.565509
8.258061282E0,0.040677983,0.23030917,8.858828
8.262885917E0,0.9499506,0.40438703,7.687541
8.267710605E0,-0.7262217,-0.32183465,10.844871
8.272521803E0,-0.41754755,-0.28773692,11.383854
8.277359928E0,-0.12502499,-0.08075777,10.783854
8.282184563E0,-0.07298109,0.096311115,9.597013
8.286995813E0,0.92602235,0.37986058,7.7210402
8.291833886E0,-0.44027936,-0.08315059,10.380065
8.296658573E0,-0.09212367,-0.19082761,10.360922
8.301469771E0,0.23330021,-0.04127619,8.346764
8.306307844E0,-0.26679972,-0.047856454,10.910075
8.311132532E0,0.20817557,0.20518455,10.270593
8.315957167E0,-0.2542374,-0.0317049,10.277771
8.320781855E0,0.148355,-0.04127619,9.410972
8.325606490E0,0.59940207,0.18723837,6.9702926
8.330417688E0,-0.8327023,-0.3906283,11.683555
8.335255813E0,-0.07836494,0.04965107,11.895918
8.340080501E0,-0.15972091,0.07836494,10.503295
8.344891698E0,0.84825563,0.25722843,6.355337
8.349729771E0,-0.46839502,-0.21774685,10.570294
8.354554459E0,-0.25962126,-0.28953153,10.945369
8.359379094E0,0.02213361,0.07716853,9.98824
8.364203782E0,0.35114673,0.28055847,9.220742
8.369028417E0,0.05383851,0.08315059,9.370294
8.373853105E0,-0.036490545,-0.10827523,9.661619
8.378677740E0,-0.34037903,-0.27517462,10.539785
8.383502428E0,0.09810573,-0.0047856453,9.594023
8.388327063E0,0.2321038,0.19561325,9.800404
